 -0.13482028316739758        2316.7687872294282     
  -7.9427831377293465E-002   2316.7896376751787     
 -0.12248906711302686        2317.0713710823256     
  -5.9787877945074244E-002   2317.0713710823256     
 -0.14183012501804110        2317.5348306339297     
  -8.8540295228707044E-002   2317.5348306339297     
  -1.5481595505630379E-002   2317.5348306339297     
 -0.12566845290167181        2317.7725029518242     
  -6.0176682470881850E-002   2317.7725029518242     
  -6.5876480408959659E-002   2317.1007949827490     
   2.1449933057824805E-002   2317.1007949827490     
  -9.9230878597500335E-002   2317.8035696053048     
  -2.0446042060715049E-002   2317.7800322537360     
  -2.8247456083130302E-002   2317.0870294328843     
 -0.12271868795523429        2317.3803931860148     
  -5.2070630770942580E-002   2317.3597678291176     
  -8.7152532808151981E-002   2317.3490187763473     
  -2.1393870224837518E-003   2317.3490187763473     
  -6.2547482485186517E-002   2317.3273971611188     
   3.4767042661165946E-002   2317.3041115380934     
  -6.6478872138540201E-002   2317.3325676798795     
   3.2505033235227222E-002   2317.3325676798795     
 -0.11251716734658693        2317.1357151325524     
  -3.5605958390232534E-002   2317.1536863552456     
  -7.0364390866984511E-002   2317.3026754633947     
   2.2890645086780563E-002   2317.3026754633947     
  -7.9892767880615848E-002   2317.4132034209142     
   1.4939364938945446E-002   2317.4132034209142     
   2.3183079368771886E-003   2316.9568171402434     
  -6.6529459031252680E-002   2317.1832630964259     
   3.1944780653855066E-002   2317.1644952700804     
   2.6851231136981107E-002   2317.0861780108021     
 -0.10490957526742828        2316.9114698682720     
  -2.2653505078647697E-002   2316.9114698682720     
  -5.1311557696722535E-002   2316.8824563373655     
   5.0205199593109130E-002   2316.8893763476435     
  -2.1077654816491233E-002   2316.8932987486778     
   9.5683128590740213E-002   2316.8932987486778     
  -2.6340452938369594E-002   2316.9216170870959     
   9.1388608960479095E-002   2316.9216170870959     
   8.5074602188017379E-002   2316.9094123439854     
  -5.6151488197304145E-002   2316.8669223111401     
   5.2831279308035640E-002   2316.8730720272765     
  -3.0187795320645409E-002   2316.8807055146699     
   9.1129429622654634E-002   2316.8807055146699     
  -1.5672002220962333E-002   2316.7752353364085     
  0.11092021991697107        2316.7752353364085     
  -6.2454299242081505E-002   2316.6505972434752     
   4.6448053169485630E-002   2316.6505972434752     
  -5.5862946211072802E-002   2316.6439791472480     
   5.6202452318045291E-002   2316.6399215927713     
   2.6019997049750068E-002   2316.5351929092049     
   8.1515773339771048E-003   2316.7119898076216     
  0.14816485650133454        2316.7150449084775     
  -3.8050191459142083E-002   2316.4353617981105     
  -1.0876113665725396E-002   2316.8335097461136     
  0.12072142118838225        2316.8260134395364     
   2.5095116239368425E-002   2316.7985395685278     
  0.16341340087137260        2316.7946492054089     
  0.14955703561775255        2316.5077135831157     
  -2.9373893827099633E-002   2316.4761360282332     
  -1.7613389505927123E-002   2316.1426818274517     
  0.11177750970096938        2316.1531120922368     
   4.0203100852475124E-002   2316.1798565005524     
  0.19304372761991936        2316.1798565005524     
   5.3765822233333059E-002   2316.0752305752985     
  0.11004956548382931        2316.0488043684309     
  0.12057409343234715        2316.0805240957989     
   3.1451960915185686E-004   2315.1250744096606     
   3.9293640214989281E-002   2314.9262853078876     
   6.2111470904481575E-002   2315.3129004740267     
   3.3850861693903639E-002   2315.3762674109721     
  0.18894278256292812        2315.3713505093983     
  0.10191597570301139        2315.4059064245466     
  0.14607906035744489        2315.2944664978299     
  0.15794604034230286        2315.4253741486682     
   5.6225585484011645E-002   2314.5535946876284     
   9.7191172164004372E-002   2314.4934951795158     
   9.6268253819717597E-002   2314.5620945058931     
  0.27853115009904716        2314.5620945058931     
  0.11777995640630126        2314.8507267976406     
  0.18985477892007568        2314.8093369835274     
  0.21453693982552177        2314.8716893614455     
   9.4298954434983664E-002   2314.0933080631062     
  0.10939857367980463        2314.3555828508129     
  0.18589895395928252        2314.2179401109001     
  0.21120992769127908        2314.3577000868204     
  0.22538492090710008        2314.3707466847800     
  0.28151876390326414        2314.3348345823151     
  0.13753906116045167        2312.8446204819866     
  0.15153954443533213        2313.2692032824075     
  0.24243656532629412        2313.3082267427735     
  0.23927442773566207        2313.3874805664273     
  0.22804633656689652        2313.4839896573353     
  0.33394382066172362        2313.5053064810872     
  0.25566713335758878        2313.5909389370308     
  0.34038585188422465        2313.5249722013868     
  0.24358888494793335        2312.8555684008902     
  0.30706226264400344        2312.8019274630506     
  0.31814818783017190        2312.7174942286433     
  0.28761609076041739        2312.4954852413593     
  0.38729997950950090        2312.4737144018814     
  0.41366337907591361        2312.4270379951722     
  0.32441467298556453        2311.1899563179950     
  0.36954438067390633        2311.2248592215028     
  0.35695009515981335        2311.6034279880596     
  0.41573049963703779        2311.5559850633358     
  0.45510468372470780        2311.4768756752092     
  0.40511310506603027        2310.1178561058418     
  0.44509873601302219        2310.3058964563725     
  0.55053084346370418        2310.3326938983537     
  0.53479655294382755        2310.4083442952110     
  0.57284646877656187        2310.4709713174425     
  0.53510318519039690        2310.3812846730043     
  0.65969386588451362        2310.3640008371467     
  0.53876569350243542        2309.3159442405640     
  0.60198549966480663        2309.1625859763776     
  0.55850449422413551        2307.1778681755859     
  0.62465849799920270        2307.3594903800713     
  0.62927203223736949        2307.5370396386375     
  0.80563669635760271        2307.5665217115247     
  0.71046406207634538        2307.6287865451177     
  0.79570924555385392        2307.5628348110349     
  0.90755191964737092        2307.4687416900251     
  0.75047194902729952        2305.1829636554971     
  0.78091120797444014        2305.1054525605459     
  0.83001786220042717        2304.8912402667188     
  0.90663675847496072        2304.8349554599968     
  0.94680311131006156        2304.7067570503259     
  0.89265459220910792        2302.9144725788815     
  0.93710092777668441        2302.6957193668341     
  0.99292034444135635        2302.7510308122905     
  0.95692979954357360        2301.7392253263911     
   1.0283547781713298        2301.6331084978192     
   1.0647997941478475        2301.7384714381683     
   1.1413185983583296        2301.6506845030094     
   1.0655936085495292        2299.9340861197766     
   1.1648906860158701        2299.7379662914186     
   1.2221745838970508        2299.8075801502446     
   1.1860539288068170        2297.6429603557067     
   1.2844757777023792        2297.5909516571196     
   1.2809901215669597        2297.3662877354686     
   1.4545504304207522        2297.1022975334063     
   1.3332925980588290        2295.1860325190560     
   1.4581747125427944        2295.1013985281065     
   1.5041927922220804        2295.1096272344753     
   1.4616036348171666        2292.8722949301809     
   1.5785232830967777        2292.8699329883602     
   1.7194059536582005        2292.9351798503194     
   1.5501256673931381        2289.3976405184926     
   1.6687984801649953        2290.1089744709193     
   1.7428680362751492        2290.0657127194331     
   1.7422696184703113        2288.1840568719904     
   1.8557098857354750        2287.9006646909525     
   1.9465024053379014        2287.9198874767271     
   1.8707353510439593        2281.7153739493729     
   1.9097962804313360        2281.2132107597681     
   2.0363598303900163        2280.8741094528659     
   1.9779318684886151        2281.0789701108301     
   2.0505891924964721        2281.3862028240596     
   2.1024093044391750        2281.2607634417909     
   2.1896487576311552        2281.4534006152862     
   2.2137007402346449        2280.8304476129247     
   2.3697854165422267        2280.5141250430988     
   2.3571374683074939        2279.6917966814485     
   2.3644901564868239        2277.8157821254558     
   2.5494794868694686        2277.4840904288953     
   2.5772236703830935        2276.9283374305433     
   2.5499281745309230        2274.7105768901474     
   2.7438206431269170        2274.2495359188092     
   2.7196084090603758        2271.8699878248462     
   2.8842891999180358        2271.8791764261418     
   2.8548818601714903        2268.1077966232669     
   3.0255116702357157        2268.8293142788325     
   3.0253465051624771        2266.3421427002941     
   3.2007119380298295        2266.5194758491402     
   3.2073122576175677        2264.6198608386958     
   3.3922791351449448        2264.2937878905586     
   3.3774944337294586        2261.0851208604454     
   3.5696593626719522        2261.2731097987157     
   3.5433944849933861        2257.0405508790282     
   3.7309896290201543        2257.7531011257179     
   3.7064735923303527        2256.4331128374388     
   3.8030382574689248        2254.0715853247098     
   3.8455671319596143        2251.5536047667370     
   3.9957584484027362        2252.0319404170446     
   4.0746144166376101        2247.6990060041057     
   4.1916078461236763        2247.0930494662612     
   4.2839564705649860        2245.7962269232066     
   4.3772624678358705        2243.3347428124002     
   4.6363859455257082        2242.8302022318153     
   4.6086294803803591        2238.6031243344078     
   4.7807689054809028        2238.6757562118851     
   4.8638304187038957        2234.9914558379405     
   5.0103568163162153        2234.3987763228242
