   5.0000000000000000      -0.85714400000000224     
   4.9950999999999999      -0.85679200000000344     
   4.9901999999999997      -0.85909600000000463     
   4.9852999999999996      -0.86279200000000000     
   4.9803999999999995      -0.85756000000000243     
   4.9754999999999994      -0.86445600000000444     
   4.9705999999999992      -0.86116800000000171     
   4.9656999999999991      -0.86408800000000208     
   4.9607999999999990      -0.86452000000000406     
   4.9558999999999989      -0.86220800000000419     
   4.9509999999999987      -0.86600000000000232     
   4.9460999999999986      -0.87012800000000423     
   4.9411999999999985      -0.86694400000000227     
   4.9362999999999984      -0.86821600000000376     
   4.9313999999999982      -0.86918399999999596     
   4.9264999999999981      -0.87625599999999670     
   4.9215999999999980      -0.87164799999999809     
   4.9166999999999978      -0.86907200000000118     
   4.9117999999999977      -0.87603200000000236     
   4.9068999999999976      -0.87644000000000011     
   4.9019999999999975      -0.87496799999999564     
   4.8970999999999973      -0.87604800000000338     
   4.8921999999999972      -0.87718399999999397     
   4.8872999999999971      -0.88192799999999971     
   4.8823999999999970      -0.88293599999999772     
   4.8774999999999968      -0.88403199999999993     
   4.8725999999999967      -0.88138399999999784     
   4.8676999999999966      -0.88698399999999944     
   4.8627999999999965      -0.88547199999999870     
   4.8578999999999963      -0.88385599999999886     
   4.8529999999999962      -0.88167199999999590     
   4.8480999999999961      -0.88692799999999894     
   4.8431999999999960      -0.88643999999999801     
   4.8382999999999958      -0.88518400000000219     
   4.8333999999999957      -0.88747999999999994     
   4.8284999999999956      -0.89464799999999434     
   4.8235999999999954      -0.89028799999999175     
   4.8186999999999953      -0.89589599999999792     
   4.8137999999999952      -0.89235999999999549     
   4.8088999999999951      -0.89795999999999732     
   4.8039999999999949      -0.89631999999999956     
   4.7990999999999948      -0.89615200000000061     
   4.7941999999999947      -0.89138399999999551     
   4.7892999999999946      -0.90321599999999924     
   4.7843999999999944      -0.89766399999999780     
   4.7794999999999943      -0.89687199999999190     
   4.7745999999999942      -0.90495999999999932     
   4.7696999999999941      -0.89652799999999733     
   4.7647999999999939      -0.90355200000000147     
   4.7598999999999938      -0.90694399999999786     
   4.7549999999999937      -0.90306399999999720     
   4.7500999999999935      -0.90738399999999442     
   4.7451999999999934      -0.90501599999999394     
   4.7402999999999933      -0.91332799999999281     
   4.7353999999999932      -0.90984799999999499     
   4.7304999999999930      -0.90357599999999760     
   4.7255999999999929      -0.91329599999999134     
   4.7206999999999928      -0.91585599999999789     
   4.7157999999999927      -0.91783199999999487     
   4.7108999999999925      -0.91917599999999933     
   4.7059999999999924      -0.91719199999999657     
   4.7010999999999923      -0.91628799999999533     
   4.6961999999999922      -0.92096799999999657     
   4.6912999999999920      -0.92524799999999663     
   4.6863999999999919      -0.92343999999999382     
   4.6814999999999918      -0.93346399999999141     
   4.6765999999999917      -0.92478399999999583     
   4.6716999999999915      -0.92100799999999505     
   4.6667999999999914      -0.92980799999999564     
   4.6618999999999913      -0.93187999999999138     
   4.6569999999999911      -0.92410399999999504     
   4.6520999999999910      -0.93523999999999219     
   4.6471999999999909      -0.92908799999999414     
   4.6422999999999908      -0.93766399999999539     
   4.6373999999999906      -0.93349599999998878     
   4.6324999999999905      -0.94053599999999482     
   4.6275999999999904      -0.94007199999999191     
   4.6226999999999903      -0.93759999999999277     
   4.6177999999999901      -0.93923999999999774     
   4.6128999999999900      -0.94167999999999741     
   4.6079999999999899      -0.93577599999998873     
   4.6030999999999898      -0.93950399999999468     
   4.5981999999999896      -0.94397599999998805     
   4.5932999999999895      -0.94491999999999388     
   4.5883999999999894      -0.94123199999999163     
   4.5834999999999892      -0.94943999999999651     
   4.5785999999999891      -0.95185599999999526     
   4.5736999999999890      -0.94504799999999001     
   4.5687999999999889      -0.95138399999999401     
   4.5638999999999887      -0.94824799999999598     
   4.5589999999999886      -0.94799999999999340     
   4.5540999999999885      -0.95183199999999357     
   4.5491999999999884      -0.95399999999999596     
   4.5442999999999882      -0.95593599999999446     
   4.5393999999999881      -0.95954400000000173     
   4.5344999999999880      -0.94606399999999635     
   4.5295999999999879      -0.96043199999999129     
   4.5246999999999877      -0.95815999999999113     
   4.5197999999999876      -0.96625599999999789     
   4.5148999999999875      -0.96092799999999956     
   4.5099999999999874      -0.96310399999999352     
   4.5050999999999872      -0.96607199999999283     
   4.5001999999999871      -0.96579999999999400     
   4.4952999999999870      -0.97209599999999796     
   4.4903999999999868      -0.97728799999999716     
   4.4854999999999867      -0.97392799999999857     
   4.4805999999999866      -0.97420799999999985     
   4.4756999999999865      -0.97150399999999604     
   4.4707999999999863      -0.98148799999999714     
   4.4658999999999862      -0.97415199999999535     
   4.4609999999999861      -0.98191199999999101     
   4.4560999999999860      -0.97917599999999361     
   4.4511999999999858      -0.97707199999999361     
   4.4462999999999857      -0.97829600000000050     
   4.4413999999999856      -0.98251199999999739     
   4.4364999999999855      -0.99276000000000209     
   4.4315999999999853      -0.97970399999999846     
   4.4266999999999852      -0.98231999999999042     
   4.4217999999999851      -0.98814400000000369     
   4.4168999999999849      -0.98991199999999513     
   4.4119999999999848      -0.98878400000000033     
   4.4070999999999847      -0.99410399999999843     
   4.4021999999999846      -0.98968799999999413     
   4.3972999999999844      -0.99531199999999831     
   4.3923999999999843      -0.99580000000000324     
   4.3874999999999842      -0.99584800000000340     
   4.3825999999999841      -0.99814399999999581     
   4.3776999999999839      -0.99935200000000335     
   4.3727999999999838      -0.99713599999999480     
   4.3678999999999837       -1.0045599999999979     
   4.3629999999999836       -1.0042720000000023     
   4.3580999999999834       -1.0013040000000046     
   4.3531999999999833       -1.0056720000000052     
   4.3482999999999832       -1.0056639999999997     
   4.3433999999999831       -1.0095520000000044     
   4.3384999999999829       -1.0142720000000029     
   4.3335999999999828       -1.0045199999999999     
   4.3286999999999827       -1.0117040000000004     
   4.3237999999999825       -1.0087760000000010     
   4.3188999999999824       -1.0122880000000032     
   4.3139999999999823       -1.0130640000000053     
   4.3090999999999822       -1.0163520000000137     
   4.3041999999999820       -1.0159600000000011     
   4.2992999999999819       -1.0179839999999976     
   4.2943999999999818       -1.0177840000000071     
   4.2894999999999817       -1.0269600000000003     
   4.2845999999999815       -1.0185840000000062     
   4.2796999999999814       -1.0332400000000046     
   4.2747999999999813       -1.0265840000000017     
   4.2698999999999812       -1.0315200000000075     
   4.2649999999999810       -1.0341120000000072     
   4.2600999999999809       -1.0336160000000110     
   4.2551999999999808       -1.0368880000000096     
   4.2502999999999806       -1.0326560000000051     
   4.2453999999999805       -1.0408480000000042     
   4.2404999999999804       -1.0409680000000070     
   4.2355999999999803       -1.0417920000000109     
   4.2306999999999801       -1.0387360000000083     
   4.2257999999999800       -1.0461280000000102     
   4.2208999999999799       -1.0460560000000059     
   4.2159999999999798       -1.0399760000000107     
   4.2110999999999796       -1.0571520000000056     
   4.2061999999999795       -1.0453360000000089     
   4.2012999999999794       -1.0494560000000175     
   4.1963999999999793       -1.0527120000000074     
   4.1914999999999791       -1.0503280000000070     
   4.1865999999999790       -1.0546000000000120     
   4.1816999999999789       -1.0558480000000081     
   4.1767999999999788       -1.0630320000000093     
   4.1718999999999786       -1.0665600000000113     
   4.1669999999999785       -1.0662880000000110     
   4.1620999999999784       -1.0571120000000109     
   4.1571999999999782       -1.0597280000000080     
   4.1522999999999781       -1.0659200000000213     
   4.1473999999999780       -1.0682800000000139     
   4.1424999999999779       -1.0657200000000087     
   4.1375999999999777       -1.0671920000000121     
   4.1326999999999776       -1.0743360000000215     
   4.1277999999999775       -1.0768560000000156     
   4.1228999999999774       -1.0752560000000180     
   4.1179999999999772       -1.0731280000000172     
   4.1130999999999771       -1.0803200000000222     
   4.1081999999999770       -1.0811920000000250     
   4.1032999999999769       -1.0873760000000212     
   4.0983999999999767       -1.0762800000000112     
   4.0934999999999766       -1.0865840000000253     
   4.0885999999999765       -1.0817440000000247     
   4.0836999999999763       -1.0875520000000241     
   4.0787999999999762       -1.0820000000000209     
   4.0738999999999761       -1.0914240000000188     
   4.0689999999999760       -1.0857680000000181     
   4.0640999999999758       -1.0940160000000210     
   4.0591999999999757       -1.0915040000000249     
   4.0542999999999756       -1.0872720000000227     
   4.0493999999999755       -1.0937280000000298     
   4.0444999999999753       -1.1040960000000226     
   4.0395999999999752       -1.1068640000000260     
   4.0346999999999751       -1.0970640000000222     
   4.0297999999999750       -1.1034080000000259     
   4.0248999999999748       -1.1060800000000324     
   4.0199999999999747       -1.1163280000000249     
   4.0150999999999746       -1.1109680000000319     
   4.0101999999999745       -1.1055440000000261     
   4.0052999999999743       -1.1155920000000339     
   4.0003999999999742       -1.1079520000000262     
   3.9954999999999741       -1.1204480000000361     
   3.9905999999999739       -1.1251120000000359     
   3.9856999999999738       -1.1185760000000422     
   3.9807999999999737       -1.1269280000000301     
   3.9758999999999736       -1.1222400000000354     
   3.9709999999999734       -1.1239520000000338     
   3.9660999999999733       -1.1219680000000276     
   3.9611999999999732       -1.1250400000000242     
   3.9562999999999731       -1.1286880000000368     
   3.9513999999999729       -1.1307920000000335     
   3.9464999999999728       -1.1298960000000358     
   3.9415999999999727       -1.1368800000000310     
   3.9366999999999726       -1.1344960000000308     
   3.9317999999999724       -1.1427120000000346     
   3.9268999999999723       -1.1462480000000435     
   3.9219999999999722       -1.1511040000000452     
   3.9170999999999720       -1.1477120000000371     
   3.9121999999999719       -1.1390640000000465     
   3.9072999999999718       -1.1483600000000449     
   3.9023999999999717       -1.1481360000000416     
   3.8974999999999715       -1.1552000000000486     
   3.8925999999999714       -1.1546640000000403     
   3.8876999999999713       -1.1558400000000471     
   3.8827999999999712       -1.1604480000000483     
   3.8778999999999710       -1.1565120000000497     
   3.8729999999999709       -1.1560560000000355     
   3.8680999999999708       -1.1594400000000411     
   3.8631999999999707       -1.1578320000000462     
   3.8582999999999705       -1.1598720000000493     
   3.8533999999999704       -1.1728080000000534     
   3.8484999999999703       -1.1710160000000558     
   3.8435999999999702       -1.1696640000000480     
   3.8386999999999700       -1.1716880000000578     
   3.8337999999999699       -1.1816320000000595     
   3.8288999999999698       -1.1786640000000568     
   3.8239999999999696       -1.1738160000000553     
   3.8190999999999695       -1.1813840000000539     
   3.8141999999999694       -1.1817920000000488     
   3.8092999999999693       -1.1846320000000532     
   3.8043999999999691       -1.1842960000000562     
   3.7994999999999690       -1.1841600000000565     
   3.7945999999999689       -1.1908800000000539     
   3.7896999999999688       -1.1921120000000580     
   3.7847999999999686       -1.1874480000000553     
   3.7798999999999685       -1.1973680000000664     
   3.7749999999999684       -1.1997680000000632     
   3.7700999999999683       -1.2038560000000644     
   3.7651999999999681       -1.2163840000000683     
   3.7602999999999680       -1.2015360000000610     
   3.7553999999999679       -1.2082800000000640     
   3.7504999999999677       -1.2105200000000669     
   3.7455999999999676       -1.2061520000000607     
   3.7406999999999675       -1.2196480000000682     
   3.7357999999999674       -1.2207280000000686     
   3.7308999999999672       -1.2150240000000696     
   3.7259999999999671       -1.2171440000000704     
   3.7210999999999670       -1.2196640000000718     
   3.7161999999999669       -1.2187600000000651     
   3.7112999999999667       -1.2269280000000709     
   3.7063999999999666       -1.2254160000000709     
   3.7014999999999665       -1.2305600000000705     
   3.6965999999999664       -1.2281600000000765     
   3.6916999999999662       -1.2318320000000802     
   3.6867999999999661       -1.2344080000000854     
   3.6818999999999660       -1.2402080000000861     
   3.6769999999999659       -1.2411680000000795     
   3.6720999999999657       -1.2411120000000795     
   3.6671999999999656       -1.2410240000000829     
   3.6622999999999655       -1.2453600000000746     
   3.6573999999999653       -1.2524640000000782     
   3.6524999999999652       -1.2560400000000869     
   3.6475999999999651       -1.2524240000000841     
   3.6426999999999650       -1.2597680000000890     
   3.6377999999999648       -1.2576320000000820     
   3.6328999999999647       -1.2624080000000810     
   3.6279999999999646       -1.2628880000000888     
   3.6230999999999645       -1.2741840000000884     
   3.6181999999999643       -1.2649600000000878     
   3.6132999999999642       -1.2694400000000892     
   3.6083999999999641       -1.2715200000000941     
   3.6034999999999640       -1.2822480000000964     
   3.5985999999999638       -1.2733600000000844     
   3.5936999999999637       -1.2726000000000983     
   3.5887999999999636       -1.2791360000000935     
   3.5838999999999634       -1.2765920000001043     
   3.5789999999999633       -1.2823760000000954     
   3.5740999999999632       -1.2900560000000985     
   3.5691999999999631       -1.2910160000000959     
   3.5642999999999629       -1.2891680000000998     
   3.5593999999999628       -1.2914880000001039     
   3.5544999999999627       -1.2924720000000975     
   3.5495999999999626       -1.2998960000001010     
   3.5446999999999624       -1.2873840000000949     
   3.5397999999999623       -1.3027760000001058     
   3.5348999999999622       -1.3029840000001025     
   3.5299999999999621       -1.3069200000001033     
   3.5250999999999619       -1.3102560000001002     
   3.5201999999999618       -1.3150480000001077     
   3.5152999999999617       -1.3120960000001103     
   3.5103999999999616       -1.3261360000001088     
   3.5054999999999614       -1.3276720000001099     
   3.5005999999999613       -1.3223440000001003     
   3.4956999999999612       -1.3232800000001059     
   3.4907999999999610       -1.3246320000001166     
   3.4858999999999609       -1.3299760000001140     
   3.4809999999999608       -1.3313280000001138     
   3.4760999999999607       -1.3333440000001087     
   3.4711999999999605       -1.3387280000001129     
   3.4662999999999604       -1.3313520000001069     
   3.4613999999999603       -1.3471280000001125     
   3.4564999999999602       -1.3421760000001159     
   3.4515999999999600       -1.3419920000001166     
   3.4466999999999599       -1.3588640000001149     
   3.4417999999999598       -1.3626080000001233     
   3.4368999999999597       -1.3499600000001133     
   3.4319999999999595       -1.3553280000001213     
   3.4270999999999594       -1.3596800000001221     
   3.4221999999999593       -1.3620560000001221     
   3.4172999999999591       -1.3697120000001206     
   3.4123999999999590       -1.3622320000001173     
   3.4074999999999589       -1.3691520000001216     
   3.4025999999999588       -1.3764720000001223     
   3.3976999999999586       -1.3777040000001233     
   3.3927999999999585       -1.3749920000001237     
   3.3878999999999584       -1.3852000000001250     
   3.3829999999999583       -1.3723120000001165     
   3.3780999999999581       -1.3830640000001260     
   3.3731999999999580       -1.3898000000001296     
   3.3682999999999579       -1.3930800000001318     
   3.3633999999999578       -1.3959600000001362     
   3.3584999999999576       -1.4004640000001296     
   3.3535999999999575       -1.4005920000001324     
   3.3486999999999574       -1.4039040000001299     
   3.3437999999999573       -1.4039760000001251     
   3.3388999999999571       -1.4118320000001345     
   3.3339999999999570       -1.4199760000001356     
   3.3290999999999569       -1.4187920000001304     
   3.3241999999999567       -1.4200880000001361     
   3.3192999999999566       -1.4155360000001322     
   3.3143999999999565       -1.4270880000001345     
   3.3094999999999564       -1.4264000000001329     
   3.3045999999999562       -1.4346560000001289     
   3.2996999999999561       -1.4414160000001350     
   3.2947999999999560       -1.4318000000001336     
   3.2898999999999559       -1.4409280000001363     
   3.2849999999999557       -1.4403440000001297     
   3.2800999999999556       -1.4400320000001363     
   3.2751999999999555       -1.4369200000001339     
   3.2702999999999554       -1.4539440000001416     
   3.2653999999999552       -1.4526880000001323     
   3.2604999999999551       -1.4540240000001385     
   3.2555999999999550       -1.4676800000001347     
   3.2506999999999548       -1.4584080000001407     
   3.2457999999999547       -1.4711200000001352     
   3.2408999999999546       -1.4713360000001372     
   3.2359999999999545       -1.4704480000001343     
   3.2310999999999543       -1.4676240000001368     
   3.2261999999999542       -1.4843360000001382     
   3.2212999999999541       -1.4925840000001422     
   3.2163999999999540       -1.4771440000001401     
   3.2114999999999538       -1.4908880000001419     
   3.2065999999999537       -1.4948960000001466     
   3.2016999999999536       -1.4982160000001392     
   3.1967999999999535       -1.4980480000001497     
   3.1918999999999533       -1.4962000000001461     
   3.1869999999999532       -1.5004000000001472     
   3.1820999999999531       -1.5091840000001415     
   3.1771999999999530       -1.5106320000001421     
   3.1722999999999528       -1.5075920000001437     
   3.1673999999999527       -1.5231120000001415     
   3.1624999999999526       -1.5293200000001430     
   3.1575999999999524       -1.5241760000001463     
   3.1526999999999523       -1.5237840000001428     
   3.1477999999999522       -1.5312320000001485     
   3.1428999999999521       -1.5463280000001458     
   3.1379999999999519       -1.5494560000001474     
   3.1330999999999518       -1.5456800000001476     
   3.1281999999999517       -1.5508560000001437     
   3.1232999999999516       -1.5545520000001476     
   3.1183999999999514       -1.5559120000001385     
   3.1134999999999513       -1.5605840000001381     
   3.1085999999999512       -1.5584400000001459     
   3.1036999999999511       -1.5620160000001431     
   3.0987999999999509       -1.5727920000001421     
   3.0938999999999508       -1.5750080000001467     
   3.0889999999999507       -1.5802080000001431     
   3.0840999999999505       -1.5904720000001369     
   3.0791999999999504       -1.5828400000001439     
   3.0742999999999503       -1.5956080000001387     
   3.0693999999999502       -1.5878160000001440     
   3.0644999999999500       -1.5941360000001443     
   3.0595999999999499       -1.6051440000001351     
   3.0546999999999498       -1.6013040000001364     
   3.0497999999999497       -1.6153360000001369     
   3.0448999999999495       -1.6025360000001392     
   3.0399999999999494       -1.6129280000001371     
   3.0350999999999493       -1.6204960000001374     
   3.0301999999999492       -1.6214080000001305     
   3.0252999999999490       -1.6314320000001397     
   3.0203999999999489       -1.6355520000001398     
   3.0154999999999488       -1.6354720000001395     
   3.0105999999999487       -1.6349360000001352     
   3.0056999999999485       -1.6499680000001280     
   3.0007999999999484       -1.6501120000001313     
   2.9958999999999483       -1.6532640000001269     
   2.9909999999999481       -1.6536480000001317     
   2.9860999999999480       -1.6684000000001229     
   2.9811999999999479       -1.6638880000001237     
   2.9762999999999478       -1.6701040000001237     
   2.9713999999999476       -1.6853600000001114     
   2.9664999999999475       -1.6886480000001112     
   2.9615999999999474       -1.6850880000001158     
   2.9566999999999473       -1.6883920000001107     
   2.9517999999999471       -1.6960640000001084     
   2.9468999999999470       -1.6971360000001037     
   2.9419999999999469       -1.7055040000000994     
   2.9370999999999468       -1.7076800000000996     
   2.9321999999999466       -1.7089920000001009     
   2.9272999999999465       -1.7157520000000996     
   2.9223999999999464       -1.7210080000000905     
   2.9174999999999462       -1.7204720000000979     
   2.9125999999999461       -1.7319760000000879     
   2.9076999999999460       -1.7457360000000888     
   2.9027999999999459       -1.7415520000000957     
   2.8978999999999457       -1.7414400000000883     
   2.8929999999999456       -1.7462240000000921     
   2.8880999999999455       -1.7540800000000807     
   2.8831999999999454       -1.7514240000000876     
   2.8782999999999452       -1.7696480000000745     
   2.8733999999999451       -1.7790880000000688     
   2.8684999999999450       -1.7847760000000583     
   2.8635999999999449       -1.7823520000000703     
   2.8586999999999447       -1.7890960000000697     
   2.8537999999999446       -1.8052480000000644     
   2.8488999999999445       -1.8011040000000622     
   2.8439999999999444       -1.8061440000000646     
   2.8390999999999442       -1.8122640000000545     
   2.8341999999999441       -1.8195920000000565     
   2.8292999999999440       -1.8247040000000532     
   2.8243999999999438       -1.8307280000000508     
   2.8194999999999437       -1.8342000000000407     
   2.8145999999999436       -1.8345120000000597     
   2.8096999999999435       -1.8399680000000440     
   2.8047999999999433       -1.8487280000000443     
   2.7998999999999432       -1.8580320000000334     
   2.7949999999999431       -1.8662880000000357     
   2.7900999999999430       -1.8623440000000333     
   2.7851999999999428       -1.8721680000000480     
   2.7802999999999427       -1.8918640000000315     
   2.7753999999999426       -1.8787120000000364     
   2.7704999999999425       -1.8854080000000377     
   2.7655999999999423       -1.9054800000000374     
   2.7606999999999422       -1.9144320000000279     
   2.7557999999999421       -1.9278800000000151     
   2.7508999999999419       -1.9159440000000316     
   2.7459999999999418       -1.9214160000000193     
   2.7410999999999417       -1.9426800000000235     
   2.7361999999999416       -1.9407600000000196     
   2.7312999999999414       -1.9432880000000208     
   2.7263999999999413       -1.9557440000000195     
   2.7214999999999412       -1.9774400000000154     
   2.7165999999999411       -1.9701200000000167     
   2.7116999999999409       -1.9769760000000169     
   2.7067999999999408       -1.9730400000000137     
   2.7018999999999407       -1.9945200000000127     
   2.6969999999999406       -1.9998320000000076     
   2.6920999999999404       -2.0102560000000116     
   2.6871999999999403       -2.0088960000000093     
   2.6822999999999402       -2.0253520000000034     
   2.6773999999999401       -2.0358320000000063     
   2.6724999999999399       -2.0444080000000118     
   2.6675999999999398       -2.0453279999999943     
   2.6626999999999397       -2.0539920000000120     
   2.6577999999999395       -2.0605759999999944     
   2.6528999999999394       -2.0646880000000003     
   2.6479999999999393       -2.0684079999999914     
   2.6430999999999392       -2.0776399999999984     
   2.6381999999999390       -2.0872559999999982     
   2.6332999999999389       -2.1186720000000010     
   2.6283999999999388       -2.0935280000000005     
   2.6234999999999387       -2.1339759999999979     
   2.6185999999999385       -2.1276960000000003     
   2.6136999999999384       -2.1432959999999963     
   2.6087999999999383       -2.1654399999999860     
   2.6038999999999382       -2.1643039999999916     
   2.5989999999999380       -2.1734799999999996     
   2.5940999999999379       -2.1767359999999951     
   2.5891999999999378       -2.1895039999999826     
   2.5842999999999376       -2.2003119999999932     
   2.5793999999999375       -2.2023439999999859     
   2.5744999999999374       -2.2156399999999925     
   2.5695999999999373       -2.2216319999999916     
   2.5646999999999371       -2.2343599999999966     
   2.5597999999999370       -2.2423520000000052     
   2.5548999999999369       -2.2450079999999843     
   2.5499999999999368       -2.2556799999999968     
   2.5450999999999366       -2.2998479999999941     
   2.5401999999999365       -2.2628959999999911     
   2.5352999999999364       -2.2883279999999937     
   2.5303999999999363       -2.3108559999999927     
   2.5254999999999361       -2.3022239999999949     
   2.5205999999999360       -2.3319120000000018     
   2.5156999999999359       -2.3359519999999860     
   2.5107999999999357       -2.3357680000000016     
   2.5058999999999356       -2.3640880000000046     
   2.5009999999999355       -2.3727919999999920     
   2.4960999999999354       -2.3918480000000035     
   2.4911999999999352       -2.3773440000000012     
   2.4862999999999351       -2.4036400000000033     
   2.4813999999999350       -2.3959920000000121     
   2.4764999999999349       -2.4160720000000033     
   2.4715999999999347       -2.4270639999999974     
   2.4666999999999346       -2.4436079999999945     
   2.4617999999999345       -2.4633520000000173     
   2.4568999999999344       -2.4768880000000033     
   2.4519999999999342       -2.4745760000000048     
   2.4470999999999341       -2.4890560000000130     
   2.4421999999999340       -2.5190800000000055     
   2.4372999999999339       -2.5166400000000184     
   2.4323999999999337       -2.5202800000000134     
   2.4274999999999336       -2.5524160000000156     
   2.4225999999999335       -2.5544320000000220     
   2.4176999999999333       -2.5834960000000158     
   2.4127999999999332       -2.6084080000000123     
   2.4078999999999331       -2.5968080000000149     
   2.4029999999999330       -2.5993680000000143     
   2.3980999999999328       -2.6218000000000181     
   2.3931999999999327       -2.6144160000000198     
   2.3882999999999326       -2.6354240000000138     
   2.3833999999999325       -2.6727600000000211     
   2.3784999999999323       -2.6854560000000181     
   2.3735999999999322       -2.6759840000000290     
   2.3686999999999321       -2.7015040000000310     
   2.3637999999999320       -2.7128880000000177     
   2.3588999999999318       -2.7078080000000364     
   2.3539999999999317       -2.7304880000000207     
   2.3490999999999316       -2.7801200000000272     
   2.3441999999999314       -2.7572880000000239     
   2.3392999999999313       -2.7731200000000236     
   2.3343999999999312       -2.7826480000000240     
   2.3294999999999311       -2.7896800000000272     
   2.3245999999999309       -2.7936160000000156     
   2.3196999999999308       -2.8186720000000327     
   2.3147999999999307       -2.8442960000000368     
   2.3098999999999306       -2.8609200000000259     
   2.3049999999999304       -2.8708000000000209     
   2.3000999999999303       -2.8720480000000173     
   2.2951999999999302       -2.8792400000000282     
   2.2902999999999301       -2.9095840000000344     
   2.2853999999999299       -2.9146240000000194     
   2.2804999999999298       -2.9268000000000325     
   2.2755999999999297       -2.9378480000000393     
   2.2706999999999296       -2.9413040000000312     
   2.2657999999999294       -2.9762560000000287     
   2.2608999999999293       -2.9805280000000280     
   2.2559999999999292       -2.9940720000000094     
   2.2510999999999290       -2.9939360000000268     
   2.2461999999999289       -3.0200160000000293     
   2.2412999999999288       -3.0364800000000165     
   2.2363999999999287       -3.0336800000000292     
   2.2314999999999285       -3.0423920000000102     
   2.2265999999999284       -3.0569840000000230     
   2.2216999999999283       -3.0747040000000223     
   2.2167999999999282       -3.0896800000000333     
   2.2118999999999280       -3.0972080000000073     
   2.2069999999999279       -3.0953440000000176     
   2.2020999999999278       -3.1189920000000297     
   2.1971999999999277       -3.1214320000000284     
   2.1922999999999275       -3.1325920000000109     
   2.1873999999999274       -3.1330400000000127     
   2.1824999999999273       -3.1517840000000152     
   2.1775999999999271       -3.1761120000000038     
   2.1726999999999270       -3.1865920000000298     
   2.1677999999999269       -3.1963680000000148     
   2.1628999999999268       -3.1922640000000109     
   2.1579999999999266       -3.2113120000000084     
   2.1530999999999265       -3.2249120000000051     
   2.1481999999999264       -3.2373920000000211     
   2.1432999999999263       -3.2461200000000141     
   2.1383999999999261       -3.2418640000000285     
   2.1334999999999260       -3.2592080000000205     
   2.1285999999999259       -3.2810480000000206     
   2.1236999999999258       -3.2775360000000013     
   2.1187999999999256       -3.2967360000000148     
   2.1138999999999255       -3.2964080000000044     
   2.1089999999999254       -3.2967360000000103     
   2.1040999999999253       -3.3259839999999947     
   2.0991999999999251       -3.3241520000000104     
   2.0942999999999250       -3.3357760000000045     
   2.0893999999999249       -3.3487760000000062     
   2.0844999999999247       -3.3530399999999956     
   2.0795999999999246       -3.3697199999999996     
   2.0746999999999245       -3.3797839999999932     
   2.0697999999999244       -3.3728799999999959     
   2.0648999999999242       -3.3857759999999986     
   2.0599999999999241       -3.4018879999999916     
   2.0550999999999240       -3.4086639999999782     
   2.0501999999999239       -3.4086959999999920     
   2.0452999999999237       -3.4111759999999811     
   2.0403999999999236       -3.4208959999999808     
   2.0354999999999235       -3.4391040000000022     
   2.0305999999999234       -3.4446239999999753     
   2.0256999999999232       -3.4526159999999706     
   2.0207999999999231       -3.4555999999999769     
   2.0158999999999230       -3.4699359999999730     
   2.0109999999999228       -3.4712319999999695     
   2.0060999999999227       -3.4724959999999716     
   2.0011999999999226       -3.4853919999999663     
   1.9962999999999227       -3.5019599999999640     
   1.9913999999999228       -3.4955199999999551     
   1.9864999999999229       -3.5119039999999484     
   1.9815999999999230       -3.5217839999999581     
   1.9766999999999231       -3.5242079999999594     
   1.9717999999999232       -3.5249119999999472     
   1.9668999999999233       -3.5355519999999423     
   1.9619999999999234       -3.5417199999999358     
   1.9570999999999235       -3.5520959999999411     
   1.9521999999999236       -3.5586159999999452     
   1.9472999999999236       -3.5625359999999455     
   1.9423999999999237       -3.5656079999999295     
   1.9374999999999238       -3.5831919999999280     
   1.9325999999999239       -3.5822479999999524     
   1.9276999999999240       -3.5790159999999487     
   1.9227999999999241       -3.5889199999999395     
   1.9178999999999242       -3.5976079999999260     
   1.9129999999999243       -3.5980319999999328     
   1.9080999999999244       -3.6089119999999215     
   1.9031999999999245       -3.6221679999999274     
   1.8982999999999246       -3.6215279999999255     
   1.8933999999999247       -3.6222559999999269     
   1.8884999999999248       -3.6327759999999327     
   1.8835999999999249       -3.6349599999999036     
   1.8786999999999250       -3.6449439999999114     
   1.8737999999999251       -3.6480559999999009     
   1.8688999999999252       -3.6523279999999265     
   1.8639999999999253       -3.6592479999999030     
   1.8590999999999254       -3.6584719999998976     
   1.8541999999999255       -3.6655039999999142     
   1.8492999999999256       -3.6718479999999052     
   1.8443999999999257       -3.6726799999998940     
   1.8394999999999258       -3.6759679999999157     
   1.8345999999999258       -3.6851199999998929     
   1.8296999999999259       -3.6909759999999019     
   1.8247999999999260       -3.6994399999998953     
   1.8198999999999261       -3.6986159999998853     
   1.8149999999999262       -3.7045599999999008     
   1.8100999999999263       -3.7073439999998978     
   1.8051999999999264       -3.7135119999999033     
   1.8002999999999265       -3.7190639999998742     
   1.7953999999999266       -3.7279999999998732     
   1.7904999999999267       -3.7235119999998738     
   1.7855999999999268       -3.7310639999998800     
   1.7806999999999269       -3.7357839999998999     
   1.7757999999999270       -3.7368239999998916     
   1.7708999999999271       -3.7410479999998882     
   1.7659999999999272       -3.7461599999998834     
   1.7610999999999273       -3.7495599999998812     
   1.7561999999999274       -3.7570639999998834     
   1.7512999999999275       -3.7577759999998794     
   1.7463999999999276       -3.7638959999998733     
   1.7414999999999277       -3.7679199999998767     
   1.7365999999999278       -3.7676959999998623     
   1.7316999999999279       -3.7744479999998570     
   1.7267999999999279       -3.7769279999998711     
   1.7218999999999280       -3.7809999999998829     
   1.7169999999999281       -3.7844479999998750     
   1.7120999999999282       -3.7804479999998648     
   1.7071999999999283       -3.7931199999998784     
   1.7022999999999284       -3.7923839999998714     
   1.6973999999999285       -3.7983439999998625     
   1.6924999999999286       -3.7998559999998740     
   1.6875999999999287       -3.8060319999998713     
   1.6826999999999288       -3.8060399999998626     
   1.6777999999999289       -3.8075119999998752     
   1.6728999999999290       -3.8172159999998754     
   1.6679999999999291       -3.8199839999998653     
   1.6630999999999292       -3.8204159999998670     
   1.6581999999999293       -3.8211839999998642     
   1.6532999999999294       -3.8265439999998461     
   1.6483999999999295       -3.8302959999998603     
   1.6434999999999296       -3.8359839999998511     
   1.6385999999999297       -3.8336159999998554     
   1.6336999999999298       -3.8357359999998604     
   1.6287999999999299       -3.8404719999998611     
   1.6238999999999300       -3.8425119999998505     
   1.6189999999999301       -3.8425039999998445     
   1.6140999999999301       -3.8494079999998516     
   1.6091999999999302       -3.8513999999998676     
   1.6042999999999303       -3.8520239999998616     
   1.5993999999999304       -3.8593839999998525     
   1.5944999999999305       -3.8589519999998649     
   1.5895999999999306       -3.8627119999998665     
   1.5846999999999307       -3.8658079999998627     
   1.5797999999999308       -3.8680239999998491     
   1.5748999999999309       -3.8695919999998698     
   1.5699999999999310       -3.8711679999998472     
   1.5650999999999311       -3.8746719999998596     
   1.5601999999999312       -3.8793839999998627     
   1.5552999999999313       -3.8819279999998644     
   1.5503999999999314       -3.8812959999998622     
   1.5454999999999315       -3.8810479999998564     
   1.5405999999999316       -3.8846559999998789     
   1.5356999999999317       -3.8881839999998591     
   1.5307999999999318       -3.8933279999998596     
   1.5258999999999319       -3.8889519999998687     
   1.5209999999999320       -3.8935839999998598     
   1.5160999999999321       -3.8972719999998624     
   1.5111999999999322       -3.8995039999998755     
   1.5062999999999322       -3.9018239999998703     
   1.5013999999999323       -3.9036719999998719     
   1.4964999999999324       -3.9047839999998528     
   1.4915999999999325       -3.9055759999998756     
   1.4866999999999326       -3.9075119999998780     
   1.4817999999999327       -3.9085759999998699     
   1.4768999999999328       -3.9138639999998652     
   1.4719999999999329       -3.9129519999998759     
   1.4670999999999330       -3.9137599999998733     
   1.4621999999999331       -3.9163039999998741     
   1.4572999999999332       -3.9173839999998714     
   1.4523999999999333       -3.9175679999998660     
   1.4474999999999334       -3.9204879999998754     
   1.4425999999999335       -3.9215599999998894     
   1.4376999999999336       -3.9234559999998737     
   1.4327999999999337       -3.9262559999998974     
   1.4278999999999338       -3.9274239999998688     
   1.4229999999999339       -3.9300399999998814     
   1.4180999999999340       -3.9321359999998893     
   1.4131999999999341       -3.9343039999998886     
   1.4082999999999342       -3.9339679999998873     
   1.4033999999999343       -3.9346079999998902     
   1.3984999999999344       -3.9381119999998839     
   1.3935999999999344       -3.9375199999998962     
   1.3886999999999345       -3.9403439999998904     
   1.3837999999999346       -3.9405839999998737     
   1.3788999999999347       -3.9438479999998983     
   1.3739999999999348       -3.9434479999998993     
   1.3690999999999349       -3.9445679999998990     
   1.3641999999999350       -3.9457039999998966     
   1.3592999999999351       -3.9473199999998911     
   1.3543999999999352       -3.9480879999999066     
   1.3494999999999353       -3.9497759999999005     
   1.3445999999999354       -3.9516479999999019     
   1.3396999999999355       -3.9521839999999013     
   1.3347999999999356       -3.9535919999999058     
   1.3298999999999357       -3.9538799999999106     
   1.3249999999999358       -3.9544719999999098     
   1.3200999999999359       -3.9561999999999133     
   1.3151999999999360       -3.9570559999999095     
   1.3102999999999361       -3.9579039999999144     
   1.3053999999999362       -3.9582559999999147     
   1.3004999999999363       -3.9596719999999137     
   1.2955999999999364       -3.9631279999999096     
   1.2906999999999365       -3.9629439999999128     
   1.2857999999999365       -3.9628719999999267     
   1.2808999999999366       -3.9632159999999264     
   1.2759999999999367       -3.9651199999999203     
   1.2710999999999368       -3.9668559999999284     
   1.2661999999999369       -3.9659999999999158     
   1.2612999999999370       -3.9675679999999209     
   1.2563999999999371       -3.9681839999999240     
   1.2514999999999372       -3.9677119999999246     
   1.2465999999999373       -3.9698879999999299     
   1.2416999999999374       -3.9703759999999324     
   1.2367999999999375       -3.9715839999999245     
   1.2318999999999376       -3.9729439999999392     
   1.2269999999999377       -3.9732399999999330     
   1.2220999999999378       -3.9735759999999418     
   1.2171999999999379       -3.9749919999999404     
   1.2122999999999380       -3.9755279999999424     
   1.2073999999999381       -3.9763599999999437     
   1.2024999999999382       -3.9765839999999386     
   1.1975999999999383       -3.9770159999999328     
   1.1926999999999384       -3.9779839999999487     
   1.1877999999999385       -3.9776639999999475     
   1.1828999999999386       -3.9787279999999403     
   1.1779999999999387       -3.9812239999999592     
   1.1730999999999387       -3.9803519999999422     
   1.1681999999999388       -3.9799119999999517     
   1.1632999999999389       -3.9813599999999489     
   1.1583999999999390       -3.9823519999999495     
   1.1534999999999391       -3.9825359999999592     
   1.1485999999999392       -3.9831599999999532     
   1.1436999999999393       -3.9840479999999543     
   1.1387999999999394       -3.9845279999999583     
   1.1338999999999395       -3.9847919999999548     
   1.1289999999999396       -3.9852239999999695     
   1.1240999999999397       -3.9848719999999624     
   1.1191999999999398       -3.9861039999999637     
   1.1142999999999399       -3.9868559999999658     
   1.1093999999999400       -3.9869519999999610     
   1.1044999999999401       -3.9870319999999682     
   1.0995999999999402       -3.9873199999999631     
   1.0946999999999403       -3.9880319999999649     
   1.0897999999999404       -3.9884479999999662     
   1.0848999999999405       -3.9891439999999698     
   1.0799999999999406       -3.9892639999999671     
   1.0750999999999407       -3.9899119999999697     
   1.0701999999999408       -3.9902079999999653     
   1.0652999999999408       -3.9910959999999664     
   1.0603999999999409       -3.9913839999999707     
   1.0554999999999410       -3.9913519999999769     
   1.0505999999999411       -3.9907839999999699     
   1.0456999999999412       -3.9911759999999705     
   1.0407999999999413       -3.9913199999999733     
   1.0358999999999414       -3.9919839999999742     
   1.0309999999999415       -3.9928159999999764     
   1.0260999999999416       -3.9932559999999850     
   1.0211999999999417       -3.9928639999999795     
   1.0162999999999418       -3.9938399999999863     
   1.0113999999999419       -3.9938399999999796     
   1.0064999999999420       -3.9943919999999862     
   1.0015999999999421       -3.9940719999999850     
  0.99669999999994208       -3.9941359999999868     
  0.99179999999994206       -3.9947599999999861     
  0.98689999999994205       -3.9948639999999860     
  0.98199999999994203       -3.9950879999999880     
  0.97709999999994201       -3.9955279999999873     
  0.97219999999994200       -3.9957759999999900     
  0.96729999999994198       -3.9957679999999884     
  0.96239999999994197       -3.9958479999999881     
  0.95749999999994195       -3.9963679999999862     
  0.95259999999994194       -3.9963679999999893     
  0.94769999999994192       -3.9965439999999872     
  0.94279999999994191       -3.9958799999999917     
  0.93789999999994189       -3.9968639999999898     
  0.93299999999994188       -3.9973679999999905     
  0.92809999999994186       -3.9972479999999937     
  0.92319999999994184       -3.9970479999999911     
  0.91829999999994183       -3.9969119999999871     
  0.91339999999994181       -3.9975439999999915     
  0.90849999999994180       -3.9973439999999907     
  0.90359999999994178       -3.9976479999999910     
  0.89869999999994177       -3.9975439999999929     
  0.89379999999994175       -3.9980399999999956     
  0.88889999999994174       -3.9980319999999949     
  0.88399999999994172       -3.9983199999999939     
  0.87909999999994171       -3.9979359999999957     
  0.87419999999994169       -3.9985759999999959     
  0.86929999999994167       -3.9981679999999971     
  0.86439999999994166       -3.9985359999999948     
  0.85949999999994164       -3.9982959999999919     
  0.85459999999994163       -3.9986399999999964     
  0.84969999999994161       -3.9988959999999971     
  0.84479999999994160       -3.9988879999999969     
  0.83989999999994158       -3.9985119999999936     
  0.83499999999994157       -3.9990399999999982     
  0.83009999999994155       -3.9988159999999975     
  0.82519999999994154       -3.9989999999999966     
  0.82029999999994152       -3.9989359999999965     
  0.81539999999994150       -3.9990799999999989     
  0.81049999999994149       -3.9991679999999978     
  0.80559999999994147       -3.9992879999999977     
  0.80069999999994146       -3.9990959999999975     
  0.79579999999994144       -3.9993119999999975     
  0.79089999999994143       -3.9993279999999984     
  0.78599999999994141       -3.9994239999999976     
  0.78109999999994140       -3.9995039999999977     
  0.77619999999994138       -3.9995039999999995     
  0.77129999999994137       -3.9994559999999981     
  0.76639999999994135       -3.9995680000000000     
  0.76149999999994133       -3.9995119999999980     
  0.75659999999994132       -3.9997119999999997     
  0.75169999999994130       -3.9997279999999984     
  0.74679999999994129       -3.9997439999999989     
  0.74189999999994127       -3.9996959999999993     
  0.73699999999994126       -3.9996639999999992     
  0.73209999999994124       -3.9997119999999997     
  0.72719999999994123       -3.9996319999999992     
  0.72229999999994121       -3.9996640000000001     
  0.71739999999994120       -3.9997439999999993     
  0.71249999999994118       -3.9997119999999997     
  0.70759999999994116       -3.9997919999999998     
  0.70269999999994115       -3.9999199999999999     
  0.69779999999994113       -3.9998559999999990     
  0.69289999999994112       -3.9997919999999989     
  0.68799999999994110       -3.9998399999999994     
  0.68309999999994109       -3.9999199999999999     
  0.67819999999994107       -3.9998879999999990     
  0.67329999999994106       -3.9999520000000004     
  0.66839999999994104       -3.9998720000000003     
  0.66349999999994103       -3.9999039999999999     
  0.65859999999994101       -3.9999199999999999     
  0.65369999999994099       -3.9999359999999999     
  0.64879999999994098       -3.9999039999999999     
  0.64389999999994096       -3.9999680000000000     
  0.63899999999994095       -3.9999679999999991     
  0.63409999999994093       -3.9999680000000000     
  0.62919999999994092       -3.9999519999999995     
  0.62429999999994090       -3.9999520000000004     
  0.61939999999994089       -3.9999359999999999     
  0.61449999999994087       -3.9999680000000000     
  0.60959999999994086       -3.9999520000000004     
  0.60469999999994084       -3.9999359999999999     
  0.59979999999994082       -4.0000000000000000     
  0.59489999999994081       -3.9999839999999995     
  0.58999999999994079       -3.9999680000000000     
  0.58509999999994078       -3.9999839999999995     
  0.58019999999994076       -3.9999680000000000     
  0.57529999999994075       -3.9999680000000000     
  0.57039999999994073       -3.9999839999999995     
  0.56549999999994072       -4.0000000000000000     
  0.56059999999994070       -3.9999680000000000     
  0.55569999999994069       -4.0000000000000000     
  0.55079999999994067       -4.0000000000000000     
  0.54589999999994065       -4.0000000000000000     
  0.54099999999994064       -4.0000000000000000     
  0.53609999999994062       -4.0000000000000000     
  0.53119999999994061       -4.0000000000000000     
  0.52629999999994059       -4.0000000000000000     
  0.52139999999994058       -4.0000000000000000     
  0.51649999999994056       -3.9999839999999995     
  0.51159999999994055       -4.0000000000000000     
  0.50669999999994053       -4.0000000000000000     
  0.50179999999994052       -4.0000000000000000     
  0.49689999999994050       -3.9999839999999995     
  0.49199999999994048       -4.0000000000000000     
  0.48709999999994047       -4.0000000000000000     
  0.48219999999994045       -3.9999839999999995     
  0.47729999999994044       -4.0000000000000000     
  0.47239999999994042       -4.0000000000000000     
  0.46749999999994041       -4.0000000000000000     
  0.46259999999994039       -4.0000000000000000     
  0.45769999999994038       -4.0000000000000000     
  0.45279999999994036       -4.0000000000000000     
  0.44789999999994035       -4.0000000000000000     
  0.44299999999994033       -4.0000000000000000     
  0.43809999999994031       -4.0000000000000000     
  0.43319999999994030       -4.0000000000000000     
  0.42829999999994028       -4.0000000000000000     
  0.42339999999994027       -4.0000000000000000     
  0.41849999999994025       -4.0000000000000000     
  0.41359999999994024       -4.0000000000000000     
  0.40869999999994022       -4.0000000000000000     
  0.40379999999994021       -4.0000000000000000     
  0.39889999999994019       -4.0000000000000000     
  0.39399999999994018       -4.0000000000000000     
  0.38909999999994016       -4.0000000000000000     
  0.38419999999994014       -4.0000000000000000     
  0.37929999999994013       -4.0000000000000000     
  0.37439999999994011       -4.0000000000000000     
  0.36949999999994010       -4.0000000000000000     
  0.36459999999994008       -4.0000000000000000     
  0.35969999999994007       -4.0000000000000000     
  0.35479999999994005       -4.0000000000000000     
  0.34989999999994004       -4.0000000000000000     
  0.34499999999994002       -4.0000000000000000     
  0.34009999999994001       -4.0000000000000000     
  0.33519999999993999       -4.0000000000000000     
  0.33029999999993997       -4.0000000000000000     
  0.32539999999993996       -4.0000000000000000     
  0.32049999999993994       -4.0000000000000000     
  0.31559999999993993       -4.0000000000000000     
  0.31069999999993991       -4.0000000000000000     
  0.30579999999993990       -4.0000000000000000     
  0.30089999999993988       -4.0000000000000000     
  0.29599999999993987       -4.0000000000000000     
  0.29109999999993985       -4.0000000000000000     
  0.28619999999993984       -4.0000000000000000     
  0.28129999999993982       -4.0000000000000000     
  0.27639999999993980       -4.0000000000000000     
  0.27149999999993979       -4.0000000000000000     
  0.26659999999993977       -4.0000000000000000     
  0.26169999999993976       -4.0000000000000000     
  0.25679999999993974       -4.0000000000000000     
  0.25189999999993973       -4.0000000000000000     
  0.24699999999993974       -4.0000000000000000     
  0.24209999999993975       -4.0000000000000000     
  0.23719999999993976       -4.0000000000000000     
  0.23229999999993978       -4.0000000000000000     
  0.22739999999993979       -4.0000000000000000     
  0.22249999999993980       -4.0000000000000000     
  0.21759999999993981       -4.0000000000000000     
  0.21269999999993983       -4.0000000000000000     
  0.20779999999993984       -4.0000000000000000     
  0.20289999999993985       -4.0000000000000000     
  0.19799999999993986       -4.0000000000000000     
  0.19309999999993988       -4.0000000000000000     
  0.18819999999993989       -4.0000000000000000     
  0.18329999999993990       -4.0000000000000000     
  0.17839999999993991       -4.0000000000000000     
  0.17349999999993992       -4.0000000000000000     
  0.16859999999993994       -4.0000000000000000     
  0.16369999999993995       -4.0000000000000000     
  0.15879999999993996       -4.0000000000000000     
  0.15389999999993997       -4.0000000000000000     
  0.14899999999993999       -4.0000000000000000     
  0.14409999999994000       -4.0000000000000000     
  0.13919999999994001       -4.0000000000000000     
  0.13429999999994002       -4.0000000000000000     
  0.12939999999994004       -4.0000000000000000     
  0.12449999999994003       -4.0000000000000000     
  0.11959999999994003       -4.0000000000000000     
  0.11469999999994003       -4.0000000000000000     
  0.10979999999994003       -4.0000000000000000     
  0.10489999999994003       -4.0000000000000000     
