 -0.24395736978809321        2548.8745802693147     
 -0.24344432111030054        2548.8745802693147     
 -0.23852734912979326        2548.8745802693147     
 -0.22799277766063805        2548.8745802693147     
 -0.21003205517229623        2548.8745802693147     
 -0.18214403039969804        2548.8745802693147     
 -0.14136729541940934        2548.8745802693147     
 -0.15285778284331261        2549.5436254803608     
  -9.5552247505874849E-002   2549.5436254803608     
 -0.12146166905936302        2550.1155245203831     
  -4.6426389774167472E-002   2550.1155245203831     
 -0.11855612224392616        2551.1204424451480     
  -3.9293411450342514E-002   2551.1204424451480     
  -9.5115087790201572E-002   2552.2926734603225     
  -3.0923078504378073E-003   2552.2926734603225     
  0.11995311371655186        2552.2926734603225     
  -4.4788861398016938E-002   2554.4928807608744     
   7.0643146000963969E-002   2554.4928807608744     
  -3.5852930698617481E-002   2555.8997853056549     
   8.7473146127012361E-002   2555.8997853056549     
  -3.0153598732284338E-002   2559.5656764608184     
   9.3965459688532815E-002   2559.5666470807823     
   7.0535002059181159E-002   2559.8883380751790     
   4.6398531711112877E-002   2560.5459344563392     
  0.20393194229281136        2560.5459344563392     
   1.3401520532935252E-002   2565.3448960753676     
   7.0273648595326366E-002   2565.2677742204137     
   9.0402555382285824E-002   2565.6001340019266     
  0.25147563482142388        2565.6549151927443     
   9.8919644999081305E-002   2566.2082710629306     
  0.15418347931585338        2566.6608261185470     
  0.26141656372079786        2566.5472212886634     
   6.4644893925477676E-002   2567.2365971904096     
  0.13648752591646077        2566.9357126045916     
  0.16120328903355002        2566.7505980154688     
  0.11782053061069074        2564.7970677148710     
  0.17722102424745759        2564.2409105842826     
  0.21395909414246347        2563.9239280075808     
  0.11376873091280094        2557.3412697540484     
  0.18263585199266549        2557.1811444658060     
  0.20890065731098467        2556.6412097353100     
  0.24709745286718005        2556.0982680083494     
  0.28494346474581200        2555.3673829283380     
  0.21409314755294673        2550.6612986632394     
  0.27238629771991124        2550.2047851066427     
  0.27779420382874426        2549.0346260221027     
  0.19677324267494864        2533.6466556383275     
  0.26994261415183618        2533.0885164633951     
  0.30768763273950023        2532.5140432087915     
  0.30112732248491370        2530.4800975297339     
  0.26472501807186222        2518.0498866447401     
  0.33326064872494504        2517.8268517715369     
  0.38409584809390579        2517.1019110409375     
  0.37258807526106508        2515.7836171824074     
  0.31065054903598638        2500.2919045989875     
  0.36871698737905018        2499.6019896706298     
  0.40724543219854764        2498.6967314275680     
  0.41834800455276894        2496.9159202351202     
  0.53028642036693174        2496.3024022904465     
  0.37841618967992013        2479.1218148542607     
  0.46628567980911467        2478.7699345042333     
  0.47413815533449999        2477.4680672606519     
  0.48678808489889697        2474.9048541656662     
  0.57100413116427806        2473.6567205918623     
  0.44517766491876748        2453.4993618398807     
  0.55574853632679733        2453.3515208861731     
  0.56047188395647229        2451.5307058330559     
  0.57914169437307539        2449.2324779514611     
  0.55169310288685924        2439.4183085127675     
  0.65059211912299086        2438.3484855435981     
  0.67704289984409494        2436.6850248301394     
  0.80896544695092032        2436.2640523504519     
  0.60754714368324769        2415.8388186666534     
  0.66552783143371119        2414.1228036002076     
  0.71995949118026725        2412.2882316919786     
  0.71916493848483720        2403.8967182448532     
  0.82381541568015737        2403.4037775821321     
  0.72445414907045846        2379.7123748993336     
  0.78363614990261177        2378.1497063448228     
  0.83703519793927594        2376.5116766216302     
  0.87963280458707949        2374.6811354761840     
  0.80906420479582508        2351.4735769388826     
  0.87867863934367940        2349.8371330408677     
  0.94370425466495134        2348.5076619726215     
  0.90974679883003395        2336.9162206902106     
  0.99762808289508054        2335.8674568716788     
   1.0478137534271628        2333.3752227994082     
  0.95164448804400703        2297.7217221565506     
   1.0217957491100260        2295.9627560409799     
   1.0464260053543533        2292.2437105833196     
   1.0339858100815116        2230.6503221420217     
   1.0779036585126101        2232.8276953644263     
   1.0980056162731107        2236.0058803871584     
   1.2647526460767922        2236.3496790325021     
   1.1504052932325772        2237.0631006270701     
   1.2607931551194946        2236.5842997474529     
   1.2998037628837429        2235.3736070863597     
   1.3074456260150429        2232.8992819747500     
   1.4429354653202833        2232.3998434430182     
   1.3384080575020085        2223.5583714075483     
   1.4425576813010277        2222.3523557584090     
   1.4271956680172764        2183.2270302265247     
   1.4544459921249500        2186.5065598537399     
   1.4754121203949897        2187.3147588309239     
   1.6360154127923758        2187.2382123496036     
   1.5467826525582813        2184.2148340726312     
   1.6596807259633906        2184.0002822995266     
   1.5892543718488634        2170.7441715839414     
   1.7267796624174143        2170.0731047100826     
   1.7981808190862565        2167.5136655305232     
   1.7595103119798572        2130.1300850300408     
   1.8993012102626721        2130.6636115503825     
   1.9443707046404040        2131.3027169212796     
   1.9484631249106206        2131.9934210970164     
   1.9774122001884398        2119.9906050893496     
   2.1487737400884370        2119.4653661507596     
   2.0893975519272958        2111.1422634734113     
   2.2228248903568093        2108.1535283570165     
   2.1712283151600729        2105.0335692255067     
   2.3395100831786344        2102.9964794044131     
   2.2600678865331916        2094.3159598342427     
   2.4848316741130505        2093.5244865446443     
   2.3990703205125459        2077.6208386863609     
   2.4958351382966697        2077.5887617589301     
   2.4893485509438475        2069.5539992822542     
   2.6966810607071134        2068.9033876426815     
   2.6158675130722493        2089.6167897521259     
   2.7598884952907747        2087.9828172040429     
   2.8351825532793171        2085.9112987179324     
   2.7834576307193366        2130.9868198645968     
   2.9731708184621568        2129.8087096558934     
   3.0029878291824534        2125.5067904159114     
   3.1139790231593594        2122.5432526541231     
   3.0962795827433740        2130.3130002731168     
   3.2365056177403071        2129.7913438114583     
   3.2600386859882482        2130.3420014602216     
   3.3073270590875739        2155.9733520583422     
   3.4176634323024913        2152.0197615910456     
   3.4658709694364878        2157.3899683191867     
   3.6723986488071536        2158.6827057943215     
   3.6581228689109406        2152.5964643966545     
   3.8448696827404025        2147.9067708095558     
   3.8338319398447660        2146.9319920522653     
   4.0091591088502332        2143.0885095598132     
   4.0020487998008081        2129.4797281863293     
   4.1936768010432894        2131.1478801511962     
   4.2109152834750203        2093.4195922079043     
   4.2272906294968626        2080.8614633551510     
   4.4239219299309136        2080.3681246584165     
   4.4727242994039047        2062.7669017239132     
   4.6714105118274345        2061.1751497594742     
   4.8038260656440182        2058.0326833677796     
   4.7420289062954559        1981.5104857313665     
   4.9336921714850295        1994.8567670604239     
   4.9514506593665057        1993.2106545902427     
   5.0965118459233310        1995.9465676830469     
   5.1856016073681710        2008.1177893521269     
   5.2649697934860118        2005.9784363478745     
   5.4714707160381701        1996.1831073234223     
   5.5261736247060105        2028.2768886327910     
   5.5873605503875554        1984.2717407199616     
   5.7897342713955418        1984.5271070709732     
   5.8879933480069111        1985.4149521377492     
   5.9994473967692432        1977.0406630118318     
   6.2011486627102723        1961.9178211369720     
   6.2683227440957143        1954.0141983237847     
   6.3005824184854351        3879.8058561429521     
   6.3264548078225360        4083.7132796967212     
   6.4816785513883861        4118.7268509022442     
   6.5170250270209271        4117.6229378611069     
   6.8384669672545408        4110.4441364655177     
   6.8168608557808152        4210.1404867541705     
   7.0558011959053575        4203.0761073942003     
   7.1296192494159323        4170.4028625504216     
   7.2972331414562115        4160.4741276703562     
   7.3518732585581903        4189.3729868309583     
   7.5870030227808227        4185.6572780819324     
   7.6863841291674317        4180.8084047753964     
   7.8347244417619049        4176.7894917618551     
   8.1428654067555168        4177.1820792218223     
   8.3589915774755017        4178.3061731642974     
   8.3704668188836333        4174.8556195859646     
   8.6650411016984332        4163.7974629438604     
   8.5702737114261147        4207.1006043776097     
   8.7172332579217162        4202.3922946672701     
   9.0521148813348713        4200.3871557114271     
   9.2536443850618486        4197.4425533187577     
   9.4950951498882858        4197.7585899443284     
   9.7244517488049205        4149.6353091795982     
   9.8699705954044337        4187.2842332318760     
   10.013062321081039        4182.8971066902368     
   10.296821442484227        4177.1831610091958     
   10.534525078206025        4174.3186756939303     
   10.804232347279413        4123.8247470944270     
   11.055197141672222        4120.0957999066577     
   11.235167145355177        4184.2308436366120     
   11.520845785956356        4100.8149407457058     
   11.665334197002997        4201.7739717474205     
   11.974924412793717        4198.2993311851860     
   12.285241780754388        4176.2651300679581     
   12.481413143280728        4046.3921049441392     
   12.848726034501146        4052.0897663360306     
   13.137296254117663        4048.7135470200751     
   13.446802593110924        4105.0252961834049     
   13.770262883427467        4139.6165601903058     
   13.983712241402655        4229.2990118674461     
   14.328568425010339        4229.0351078128242     
   14.611683170491444        4236.9631536648321     
   14.953608038045626        4124.4175825811917     
   15.299788539947185        4064.0361215668945     
   15.618755409798101        4064.8009733889940     
   15.992255523172744        4169.9415359261438     
   16.366451843157105        4170.6709008850112     
   16.746870235515630        4177.9091127799002     
   17.015180466680206        4344.5053935468904     
   17.185246896928469        4218.7708552012082     
   17.546173113363722        4370.9862413398541     
   17.646790623873507        4188.7760307903254     
   18.051815286608484        3799.2458009457223     
   18.410130391484170        4029.5882083249548     
   18.831889704393845        3884.0655649653413     
   19.248861895531679        3753.4601277521015     
   19.702254892432361        3752.5028051463937     
   20.165595624101140        3749.6289920297791     
   20.607438362330402        3887.6946890369713     
   21.101185947769061        3884.0805936309548     
   21.597793321239273        3973.0045535895192     
   22.107436004913264        3986.9154243436865     
   22.626625148254774        4042.7859386520872     
   23.141294715144753        4110.5665825481801     
   23.607068026811163        3975.4662599846224     
   23.980738551845523        4036.0443247852063     
   24.495583703609462        4222.2166369773977     
   25.080773814452478        4251.1778499198972     
