 -0.13672066902458152        5387.3100397931521     
 -0.13481726051060097        5391.6894126245725     
  -7.8080633335821339E-002   5391.6894126245725     
 -0.10636536695308568        5389.1207323414765     
  -3.7566608394485515E-002   5389.1207323414765     
   5.7748523950478643E-002   5389.1362740750874     
 -0.11601953466747889        5389.2925312392244     
  -4.8507086439512667E-002   5389.2925312392244     
  -5.7151848888275708E-002   5389.8491323189437     
   3.3082897093304399E-002   5389.8497273721896     
 -0.12842834075552986        5389.2037451261376     
  -6.3098400853444217E-002   5389.2037451261376     
 -0.10970720392218254        5389.7514148955333     
  -3.4303695298756966E-002   5389.7514148955333     
   6.2039361632708651E-002   5389.7514148955333     
  -7.7596093929178406E-002   5389.6186832936783     
   1.1924053022762483E-002   5389.6235572820224     
   3.3191738053735807E-003   5389.6781866164865     
  0.11755283306376417        5389.6707216871127     
 -0.12343459989205295        5388.3453052305904     
  -5.0182029069202903E-002   5388.3453052305904     
  -6.8341512124307682E-002   5388.5987220772058     
   2.3792529725679402E-002   5388.5999151556689     
  -4.2155647202300701E-002   5388.4122234611714     
   6.7051848316454637E-002   5388.4122234611714     
  -7.2928037156071143E-002   5388.4868225336322     
   2.3241689142937821E-002   5388.4868225336322     
   1.8005544115564442E-002   5388.5743119249919     
  0.14560411926525255        5388.5743119249919     
  -4.0583212189704079E-002   5388.5608720438377     
   7.2737641949379470E-002   5388.5608720438377     
   5.8729568301221856E-002   5388.6274052478784     
  -5.8322967740426342E-002   5388.6215076271765     
   4.5162973584908381E-002   5388.6239744228524     
   7.0010422364103139E-003   5388.6249774362277     
  0.13644538324517461        5388.6249774362277     
  -8.6049459083707702E-002   5387.7318867483409     
   1.0042257319848437E-002   5387.7274457509102     
  -3.0463739033894117E-002   5387.7146001422880     
   8.8677374952394750E-002   5387.7145233967485     
   2.3064635730342588E-003   5387.7158559779145     
  0.13540264823010287        5387.7137716703201     
  -7.8939677509265310E-002   5386.9952597533138     
   2.5158562459537816E-002   5386.9952597533138     
  -1.9061537846391335E-002   5386.9012881208400     
  0.10793935099008233        5386.9007614027441     
  -2.2023957737152187E-002   5386.7818810706813     
   5.6588941734845966E-002   5386.7608865456277     
   4.4747898154318719E-002   5386.8285782531775     
  0.19858032528173264        5386.8285782531775     
   1.1657305301737910E-002   5386.6805491058221     
   5.4130138556428779E-002   5386.6073949617821     
   5.3386389699518672E-002   5386.6705407248537     
  0.21393928826090056        5386.6669532381547     
   3.3297106637231857E-002   5386.5148736123201     
  0.12493944325620587        5386.5874386126034     
  0.10818897022458214        5386.5216928770624     
  -2.7514865314650756E-002   5382.9422718699034     
  -4.1570004260548920E-003   5383.0212332326528     
  0.13133041759328418        5383.0217290718501     
   1.4314152005266303E-002   5383.5005964387638     
   8.0649297542351672E-002   5383.4976613241588     
   8.3471898712272938E-002   5383.6164365133181     
  0.25764720132837238        5383.6164365133181     
  -1.2520906200354480E-002   5381.8060949131295     
  0.12639369151358451        5381.8060949131295     
   7.8469297511243000E-002   5381.9193821116969     
   3.9057730006435316E-002   5382.1438331545305     
  0.19540375287656919        5382.1438331545305     
   6.0352822323244057E-002   5382.5508286452659     
  0.12235656254440530        5382.5887113863773     
  0.13770059653288658        5382.5863209121253     
   2.2883666971447971E-002   5382.5245211537813     
  0.17022981854453048        5382.5173719850636     
   9.3514659666643504E-002   5382.1582607849814     
  0.26800539636215542        5382.1468668736325     
   6.2620171750348258E-002   5378.5521686992352     
   6.1801432290055955E-002   5378.8354495549174     
  0.22819735944995376        5378.8354495549174     
  0.17116755611968665        5378.9690571503043     
  0.14844206230283080        5379.1040494638573     
  0.35043864282594300        5379.1040494638573     
  0.17670335714320382        5379.2378846565907     
  0.27139010462269764        5379.2355528710223     
   9.7333850113552736E-002   5375.7214615331832     
  0.15732452849327550        5375.5943377086742     
  0.13587525949098378        5376.0354088431031     
  0.24117371911817803        5376.0684362190186     
  0.19043594088914545        5376.2263749493386     
  0.28102430101758885        5376.2467448089610     
  0.30667645276708955        5376.2682448997084     
  0.16643256545715232        5374.1281709677905     
  0.21608045490258021        5373.6565438287735     
  0.26171977625804360        5373.5385967063421     
  0.27060552082333922        5373.4438927958454     
  0.26706434581853772        5373.3711394691454     
  0.38017500166672652        5373.3558295588837     
  0.21815305130403853        5367.1478838378980     
  0.26847528521631553        5367.8363012885493     
  0.30442878170455956        5368.3721350784053     
  0.29375859733203347        5369.0827740428704     
  0.41005762625246017        5369.0942101186674     
  0.35973753989793433        5369.3097750089455     
  0.28158058082944309        5364.6020498742228     
  0.36158977134123549        5364.9530059209847     
  0.41614316603299517        5365.1985656605921     
  0.32796956435868169        5362.5675573396220     
  0.41143906068037667        5362.8478004174722     
  0.44949665611794148        5363.0472805424806     
  0.42959897289588128        5363.6367524792595     
  0.53650512575034826        5363.7365729120720     
  0.37951075877875079        5357.7313122901069     
  0.40833141768240849        5359.4602108901272     
  0.52823037614210000        5359.5927145442574     
  0.49403844585194973        5360.4072929558270     
  0.62711327084259594        5360.4112359146402     
  0.53125202770679447        5360.9271748493702     
  0.64592344859018958        5360.8910056533859     
  0.56110260559628733        5360.1396567137735     
  0.67884612327921157        5360.0375406465128     
  0.55733345317813554        5354.3669393181171     
  0.61033565104846299        5353.9352739280275     
  0.63972869785484254        5353.9886406767528     
  0.67458804718431187        5354.2543662840917     
  0.81831911165791282        5354.3173594359005     
  0.59685067443855355        5349.4798056027203     
  0.68606854289720465        5349.6111404627090     
  0.77103201500590701        5349.8863456246172     
  0.75802768342704985        5350.3677072778764     
  0.88608228632196551        5350.2728656723475     
  0.76081320034497391        5345.9066457188019     
  0.80658896668466484        5346.4742430590868     
  0.88000109661917558        5346.5962146116663     
  0.87030397852237984        5346.7747198159641     
  0.83632450321811580        5340.7490073575646     
  0.94002058846278391        5340.7746102586298     
  0.89937071412642788        5341.5444563624969     
   1.0505581540253248        5341.6248428430818     
  0.95363910470033031        5340.8740853697009     
   1.0724163761821173        5340.6237208560196     
  0.99008735304470785        5335.4542782422304     
   1.0821748361354058        5334.6117213784464     
   1.1587066585343861        5334.5069786697231     
   1.1665773751020401        5334.4133899523513     
   1.1093370394769018        5329.3228188699568     
   1.2273885809034861        5329.0751807764918     
   1.2948721845453155        5328.7287661188311     
   1.2075560672654220        5321.5615878195704     
   1.3170027557064934        5321.3936580693335     
   1.3691314040690110        5321.8516328168098     
   1.3699563998081485        5321.4305703635082     
   1.5175820058340095        5321.0060001130914     
   1.3818291770365771        5305.6162212518557     
   1.4427013396398323        5309.3697740560319     
   1.5013855383061241        5309.6794180991365     
   1.5558012979429572        5309.6318579472136     
   1.5314725596482901        5301.4071999052603     
   1.5918489605269577        5299.1401633655096     
   1.7224755945100025        5299.7073397851200     
   1.7106999614952452        5298.3048811012095     
   1.8491832433503570        5297.5478116713093     
   1.7425309962653659        5284.3609180317962     
   1.8401792776149750        5285.9284877178161     
   1.9445948953485148        5286.3658863751052     
   1.9609200206782464        5285.6757936993117     
   1.9282244725234121        5273.2921856928724     
   1.9952706183918054        5273.4051718801784     
   2.0249247662916510        5263.9247504185851     
   2.0603780440707622        5253.0786842169891     
   2.1011006490161104        5251.5651024356148     
   2.1109540242098950        5246.0013149036249     
   2.2901483533743177        5245.3383754110428     
   2.3525903041005956        5244.8152046816276     
   2.3128237255854640        5236.9512148968324     
   2.4776981760906844        5236.0681347051686     
   2.5396861165552349        5235.6277154919626     
   2.5051648939237552        5225.2156754310763     
   2.6676809512549822        5224.5524600773078     
   2.5310948056402482        5206.7286699977631     
   2.7259396517239400        5207.2467683681070     
   2.8089826934986935        5207.6213501079565     
   2.8530878914271018        5204.0165185217165     
   2.8747810040664552        5193.4853530727014     
   3.0873105860109322        5192.5907413633722     
   3.0391423717031065        5184.3953018212833     
   3.2173157493160942        5182.9391954043758     
   3.0895305237241022        5017.0954706602961     
   3.1996133283604666        5014.4785903115462     
   3.1983516715771390        4969.3954205574246     
   3.2967579033476633        4964.9697721905723     
   3.3627585164689209        4957.9825274197792     
   2.4074080144651764        3533.9680050191805     
   2.4131436553805581        3537.9747694647758     
   2.4195273833161748        3615.6290755598502     
   2.4671687392803410        3200.8178530511418     
   2.5363947507906186        3211.7473107923188     
   2.5650752283977782        3154.0511857322622     
   2.6527360709387349        3158.3284445737631     
   2.6503852394544194        3156.9205950971354     
   2.8008470093901408        3154.9637727696754     
   3.0278189887905245        3154.3184950625164     
   2.9056237166773067        3139.0086599815695     
   3.0734085928595229        3137.8606351241588     
   3.0613370559315949        3128.7824359039364     
   3.2347713930239479        3127.5126098864989     
   3.1755016616303360        3099.3874743065994     
   3.3123613589772178        3103.7442014593148     
   3.3388255742040465        3103.2902829407944     
   3.4038483006146403        2770.5765209787760     
   3.4776788140733226        2648.0626246234128     
   3.5685279028582961        2651.8608554462307     
   3.7618347068940987        2646.0382647226161     
   3.7394944514992314        2646.9679429389848     
   3.9269305800433147        2643.5920839622204     
   3.9494414960989199        2731.5194063798986     
   4.0497986422181222        2720.2581836578620     
   4.1075018684829185        2786.0060418984899     
   4.3105519928723428        2775.0231615957923     
   4.3112626485455001        2801.8131212943449     
   4.5141649921192881        2799.1902144539922     
   4.5530271109696567        2828.4465840472903     
   4.7427744485045533        2896.9165682631115     
   4.8393137422825721        2961.1114452937677     
   4.9429152769144782        3036.8605828620966     
   4.9916920182341329        3393.2636966415989     
   5.1488651701757897        3484.7587583171180     
   5.2361554358468307        3840.5602629902269     
   5.4748875968118416        3842.2466733198471     
   5.4664509179384826        4110.2077876235644     
   5.6931059186324999        4118.8218397904502     
   5.6122426093191864        4412.5889891817005     
   5.7710956828934599        4375.4412528737794     
   5.8804825569835266        4370.0600812994790     
   6.0198541322220471        4355.7047298759962     
   6.3121532769448514        4354.0935823913260     
   6.3057782452590869        4385.9577451834357     
   6.4381800581365605        4321.8772394679054     
   6.5698898522380595        4305.1508402291065     
   6.8435458009497081        4302.9008759242561     
   6.6128229539509666        4148.5844919892725     
   6.7200534348070207        4056.1454093287630     
   6.7707066967125780        4127.2026666108859     
   7.0897734126630754        4199.9603250272821     
   7.1591310719970442        4190.2363770172260     
   7.4836607681947696        4230.3538735098891     
   7.5726515714912361        4227.2924556127691     
   7.7705585949286293        4161.2245848802613     
   7.9574884883155317        4184.1893162634933     
   8.2328371055711802        4195.2673758617748     
   8.3779994457485021        4190.4097655216165     
   8.5681912954383801        4192.6191840591309     
   8.7417199254453841        4176.5344458977552     
   8.8918667510623948        4136.3949801195158     
   9.0867843651039024        4098.2792497645805     
   9.3344229664535412        4101.1491768045298     
   9.2871973360538913        4173.7236570227551     
   9.3860124457659975        4164.4632239604352     
   9.6619849329732848        4161.4295069169375     
   9.8988434290348568        4154.5852110277083     
   9.9934312972011821        4243.9468851809297     
   10.269976768132160        4127.7217724875254     
   10.459300880336031        4134.0305496931778     
   10.626758954032734        3937.3817740856834     
   10.815410246077528        4038.1945780142178     
   11.132484270387208        3967.7450337747177     
   11.325720030581778        4034.8190486854664     
   11.518830465635345        4034.8399721066357     
   11.700996378728219        3490.1145641505004     
   11.816224965415872        3096.1963345755248     
   12.061009936790485        3013.3041702364476     
   12.345697168899902        3181.3714687155070     
   12.589912822365955        3182.3588854457676     
   12.715247049773051        2841.4552910598909     
   13.022570471117659        2838.0733753086283     
   13.298605698331880        2813.5814578486343     
   13.613311965249968        2986.7486167856669     
   13.946628232979561        3088.8775076114680     
   14.403364767524600        2975.4781748903074     
