   25.189799924226460        616.00992186716064     
   25.884467502355282        613.61509924580162     
   26.586033729882175        619.89210764286474     
   27.309111478848607        615.81090725712431     
   28.046901005548122        603.21319923217789     
   28.801900499323668        599.44223739902441     
   29.572480776482401        595.21260148698650     
   30.363031637929151        590.78063414988685     
   31.160185589560466        585.42369043311567     
   31.279430077210833        509.73236351883497     
   32.013068179044126        504.87483050837409     
   32.530787816319474        503.13956404218231     
   33.370850072904929        501.22520711458424     
   34.070009015723173        499.19510682031154     
   35.003556819333134        497.09530292865497     
   35.961024877861014        494.91957746063730     
   36.880384779916831        488.45390549276647     
   37.412121390960202        486.77744976337226     
   38.441323756430585        484.73637048775691     
   39.493555187859762        482.43252680562256     
   40.562928703929273        479.94937590453657     
   41.670567803415800        476.68825790047373     
   42.815003905957361        471.09216776036556     
   43.930870625928833        460.43555306697635     
   44.919271752667235        460.28162003045452     
   46.074610707000623        457.36927931667094     
   47.037433778959610        461.51706563834892     
   48.310350185694745        452.35481186117244     
   49.669421409538955        431.82896758927387     
   50.985827918985478        441.98878073261699     
   52.433422919825766        440.76374234856252     
   53.921732431048873        439.49513119826878     
   55.450701481341120        438.17089377234169     
   57.019282765619849        428.25527804801590     
   58.410087859689220        441.76716312397008     
   59.610612543970483        440.63882444182258     
   61.291588446226235        434.01435590599823     
