  0.26375743412498387        3576.0452104948226     
  0.30213624157983726        3576.3094676741489     
  0.24146868867017407        3589.5923205256668     
  0.31742372584859291        3590.1509434587424     
  0.34890609704304604        3590.8758339868841     
  0.34272114227318168        3592.0607054667166     
  0.29712441151102337        3646.6538842153245     
  0.36494454531515813        3647.0613240565644     
  0.33813940457900998        3655.7935745360651     
  0.42785574291366640        3655.9085903326472     
  0.43506180664359806        3656.2823869044105     
  0.41393866719378392        3658.1840723119440     
  0.51255234033809216        3658.3224200116379     
  0.39998644895313396        3660.8600376705108     
  0.48226266882591745        3660.8670251044409     
  0.49256170742410377        3660.9035712765440     
  0.61001128423679840        3660.9493805092879     
  0.48870664322704255        3660.9994636536126     
  0.60063498061846798        3660.8219782884448     
  0.55724611935917789        3659.8754815554662     
  0.68296227699094003        3659.8246301907443     
  0.68742162567681542        3659.6156832939241     
  0.58485845826514704        3648.0078894866015     
  0.60572815705483951        3648.6016777691207     
  0.74154406415285345        3648.6937680605602     
  0.70836786296514420        3649.0322430306160     
  0.77914881633624566        3649.0504122741681     
  0.76741576696835301        3648.8449819017651     
  0.72910700903009085        3642.2654408095045     
  0.78121330845291770        3641.6958637179723     
  0.83767861150234513        3641.3622728534383     
  0.85270476257766104        3639.9387731680263     
  0.95025940448414004        3639.5275593656379     
  0.85824094339241730        3630.9241341536067     
  0.95109743589438234        3630.2032507075701     
   1.0009027389266505        3629.4586407786674     
   1.0927378513410821        3628.8599500860118     
  0.96130386851403460        3613.0453998708604     
   1.0546378227910658        3613.0189559186747     
   1.0979899362890129        3612.2215938575077     
   1.2925271069040674        3611.9325530347405     
   1.1152193585158254        3603.1317827951107     
   1.2068392290167764        3601.6113154513564     
   1.2412378653382397        3599.6208667735650     
   1.2081743355499375        3587.2993814382985     
   1.3108839600023641        3585.9431696092547     
   1.2299473084059411        3552.4160704075298     
   1.3415245745966728        3552.2571345966903     
   1.3919338043690930        3550.7197827694304     
   1.4020929875377426        3546.4585236040334     
   1.5528310287746627        3545.5801266646349     
   1.4139161205293163        3469.5824701075003     
   1.5028955575133058        3469.1897795380778     
   1.6079713347801989        3468.9368471253588     
   1.6027839206706505        3465.5748992422386     
   1.7217619950943523        3464.7037820557684     
   1.6314830514005709        3451.3855387055896     
   1.7487198747561448        3449.3467174498719     
   1.8020618032663045        3446.5175379412290     
   1.7703578796806925        3438.0125629012123     
   1.7795646474675322        3275.8190488607938     
   1.7967449798270563        3188.8916136279272     
   1.8324695031256839        3189.4363967495960     
   1.9538605927662502        3188.7032860445670     
   1.9546266506782857        3186.6777071929046     
   1.9364897563204269        3175.8535490106569     
   2.0898126563140393        3173.6918538997234     
   2.0434863062597066        3153.2935714128321     
   2.2127030942093322        3151.6869361708577     
   2.0972617803910776        2969.5531745833846     
   2.1567305504771830        2965.3015964251636     
   2.3050644698582787        2963.0211245540654     
   2.2709862377225991        2946.9668303216445     
   2.4186149395960617        2944.0651844570320     
   1.9923813835744499        1819.7609926715936     
   2.0153706734455468        1815.4248934977250     
   2.0577978304935240        1805.0200123575348     
   2.2112318074253232        1805.1793258850689     
   2.2672439998220799        1804.3925283018061     
   2.3905612161224656        1803.8596080137690     
   2.2937146652331530        1796.9012618872775     
   2.4309984987443682        1795.6738693004320     
   2.4825746527156269        1792.9286248283549     
   2.4713754681083002        1758.8538854568887     
   2.5446106143439926        1765.4605312035721     
   2.6836221243666070        1765.5759698598888     
   2.6218515464865280        1750.4219706051563     
   2.6550587995313513        1746.9809262935828     
   2.7962402889426934        1746.1768529923690     
   2.8509828691975612        1745.0318715496176     
   3.0081968173972373        1744.4844964999563     
   2.9724213196969012        1739.0971457786709     
   3.1407406129699265        1737.6253026112547     
   3.0919550469058854        1714.7026258888109     
   3.1712346710114958        1713.4639646805310     
   3.3399321564938544        1712.7581564558668     
   3.3711284950072944        1705.0544606407559     
   3.3637026926001425        1693.8084281487327     
   3.4636403288092037        1693.4308156763013     
   3.5143568564609988        1685.0749867334775     
   3.6733943741314556        1684.8568133749229     
   3.6979153000368243        1679.1308955952361     
   3.8738141630491274        1678.2798107309061     
   3.9139227680249542        1663.8308191716280     
   3.9781731576093504        1663.3194253173131     
   4.1038261769127482        1657.1210189284159     
   4.0637705949843284        1658.3016493298855     
   4.1516620395657551        1657.0052237662176     
   4.3203751526392349        1655.3412117691703     
   4.3844080741654921        1650.3846353519848     
   4.5733174665518517        1649.0664744602475     
   4.6237243924441653        1643.3727688957890     
   4.8379195565797302        1642.1683952357580     
   4.8772798624698979        1637.6934748127587     
   4.9477102680495655        1630.0748096718205     
   5.1810437665742235        1629.2441411529644     
   5.2130702380133664        1618.3021451708141     
   5.4348232243264434        1618.1180100723459     
   5.4159505175247560        1605.1052096239428     
   5.6322834656596177        1607.6038059761800     
   5.7726261482091594        1606.7126898227925     
   5.9011630280834986        1602.6593259458723     
   6.0629023289321990        1599.6545990822642     
   6.2307374356879759        1596.8253257119645     
   6.3653375550237072        1592.7678198062988     
   6.5116431142575681        1587.9157195868690     
   6.7023907322001275        1585.4055582515707     
   6.8530481914784573        1580.6961414168343     
   7.0274050803397179        1578.2698213965118     
   7.1931240794108380        1573.6433331482922     
   7.3588368071467825        1569.2131623161954     
   7.5335676752803575        1566.0740048561272     
   7.3455118721792765        1561.8758658821816     
   7.3834661509627377        1556.0028341456637     
   7.7232823292102282        1556.9014488188989     
   7.8713326352928457        1551.5752590509715     
   8.0868520611994921        1546.7743330592298     
   8.2096442830684744        1542.8145229202541     
   8.3670389603198654        1540.6763595641667     
   8.7229357028667565        1537.7466947214732     
   8.8701353542742840        1532.9940671484201     
   9.0728471823872869        1528.1919320951692     
   9.3423307840627157        1523.9766366553531     
   9.5245077159804215        1519.1634312604735     
   9.7578079963916107        1512.5608218258535     
   9.6336490639029755        1249.1742228583664     
   9.8757906720503765        1242.1799536067349     
   10.047168077918160        1235.1296182797787     
   10.308329819498358        1227.2888907324032     
   10.604032537033577        1221.8998285491268     
   10.769338640832359        1209.9318995905055     
   11.087747593745190        1197.9866956465728     
   11.324774698420995        1189.3637918485776     
   11.407513530035715        1199.6139040720925     
   11.802008792185328        1198.4693033438750     
   12.027098107836848        1194.1555930889654     
   12.268748066238439        1189.2925664328470     
   12.626725119426652        1185.7038026198898     
   13.002374804904470        1183.7780597780570     
   13.181499234901743        1176.7834774280680     
   13.582914722468418        1159.7184542229115     
   13.914096947405536        1162.1425611112604     
   14.178441452973441        1157.1623877373731     
   14.455542154002062        1401.7218823340238     
   14.831122960362125        1432.0516584928575     
   15.198839379293608        1321.0480365685955     
   15.544048606401851        1523.0348588332959     
   15.882869760419380        1703.6754960616258     
   16.256865358480514        1724.0049190416853     
   16.664608601927661        1722.4009506795453     
   17.064874903172445        1677.8784561447346     
   17.477389918487713        1675.1143077520658     
   17.894316606025800        1685.6713988792235     
   18.311853801716929        1759.9239307846931     
   18.739210157948989        1693.3368803539522     
   19.186519246512688        1672.3873828924043     
   19.636892015716079        1712.9263899090222     
   20.091140281374493        1736.7619140070924     
   20.402618217246108        1810.6789696533874     
   20.015563947330783        1880.2123406506855     
   20.538813265028843        1906.5357142432069     
   21.063936438821255        1982.8554995960287     
   21.604334799287908        1991.8108584569040     
   22.155841959459650        1925.1874047966880     
   22.724189308698797        1989.6668388928467     
   23.303653145711110        2087.9701197787676     
   23.890145441475202        2189.9333371650350     
   24.497214303338307        2347.1014311905678     
   25.108049752464321        2365.2837791641446     
   25.704253465586358        2454.1869040442771     
   26.352125023898711        2437.3668746673870     
   27.028829226969783        2452.9109855401057     
   27.718015739789806        2498.7337821792603     
   28.427319946427119        2509.9059796003112     
   29.155658880404371        2533.6679517904668     
   29.902349176922780        2571.3524299449346     
   30.668986136811721        2554.8761877375978     
   31.452635805854872        2550.4342970960142     
   32.257830346476986        2546.2467471520545     
   33.068783262739842        2542.2596328357881     
   33.793485880131605        2522.7487305295713     
