   4.1950675182176624        1089.0510505317577     
   4.2855502970026915        1094.3511301094109     
   4.4011088807061229        1096.4657332805091     
   4.5163922479392049        1095.9676667629699     
   4.6611652802979187        1093.6421294823210     
   4.7692724459065339        1088.4184254610773     
   4.8630762713373947        1079.5034343649272     
   5.0005831958124336        1070.2934270087335     
   5.1309297824548317        1061.3600273151526     
   5.3883355811924014        1059.5185083517806     
   5.4194494369343662        1049.5662974267898     
   5.5484513370145763        1043.1602150515305     
   5.6989674099063725        1036.5215034255898     
   5.8832994769813176        1022.6143990327784     
   6.0170653730343586        1014.6985887142322     
   6.2030018460398413        1014.9701193524855     
   6.3458444933741998        1013.0664211356868     
   6.5066584861352537        1009.0464772315412     
   6.6785549983578205        1006.5883230711321     
   6.8931435617289356        1003.3431325892302     
   7.0357943891897321        1000.0304402845040     
   7.2341931133347526        998.25570572321874     
   7.4264271751505797        994.99401931165596     
   7.6046039424449132        992.12291122511817     
   7.8194651803586490        990.22649411714269     
   8.0295157463233444        986.36498851456520     
   8.2649085097791612        984.27542471118772     
   8.4764629773177766        985.79572750206046     
   8.6770964909227821        983.39229456118005     
   8.9313799221215469        981.62277101714722     
   9.0676651664000421        969.35003384504250     
   9.3357441293099868        966.08873534243901     
   9.6110214128683680        963.89155125830257     
   9.8046537370903035        959.92316772984418     
   10.065844393451702        957.17538418286779     
   10.329447588129645        954.38602747589925     
   10.646479896074451        952.44742227906374     
   10.867842413925977        948.82220078122793     
   11.127271840125488        946.20079930597649     
   11.390199537137427        943.18043462361788     
   11.691294073234868        941.82673480126232     
   11.896841710968351        939.10325235560617     
   12.209392345338767        930.75766760186104     
   12.542759194743796        927.81399571507802     
   12.868866659373072        924.98424874724458     
   13.215945632421171        922.98656480201271     
   13.546906560386937        920.07614537390498     
   13.905323942963475        924.72867812367201     
   14.258537547220042        923.40310613372401     
   14.636379641956839        918.99396548506490     
   14.380201697032208        778.93767039593820     
   14.772933864689170        777.37286886334948     
   15.144347314584596        776.07440044055727     
   15.533590571687858        774.84872899192715     
   15.853807552235999        791.77496408344700     
   16.122288929282501        790.06776804990398     
   16.482678021444173        788.62700224742809     
   16.888786038288139        786.21824844329876     
   17.265056920527307        774.51262260203521     
   17.721695570813047        748.30669091793811     
   18.158734900350328        777.36318377419013     
   18.607431645598155        772.26922851530719     
   19.084977691071742        769.29712451672265     
   19.548058500790425        764.61743087457398     
   20.020013539796771        769.45597414905717     
   20.489958774076641        745.65318030328012     
   21.029356187698621        742.27217853341131     
   21.572702878189936        738.43312305529753     
   22.126163298428217        733.96452863595039     
   22.692038501080532        729.32220880897694     
   23.243694374337835        728.68076653509490     
   20.986366018401348        799.24666342752755     
   21.443948374715038        760.14020444587857     
   22.029818426794339        757.56174231800048     
   22.643502623311079        754.72996240976204     
   23.279112056933155        751.58706184420953     
   23.926398556732188        748.35768370491189     
   24.588503414923323        744.64580893276957     
   25.262519345235667        738.95248938228724     
   25.948798700011711        735.87623451612467     
   26.659639491766740        731.47251701417474     
   27.364342089512579        721.46689726958255     
   28.103008605967801        716.84161134863734     
   28.867874940826770        710.61361617263231     
   29.556114689532539        700.88390956146577     
   30.366818518273448        693.90168910217619     
   31.139983472869986        675.85663499734915     
   31.978600027656594        671.62671508829885     
   32.863320254846165        663.89997983794137     
   33.776807676397560        664.21892844522267     
