   2.2650218807692108        1314.5029561424378     
   2.3763953505165984        1316.0648183318099     
   2.4963898561742668        1319.4453243256073     
   2.4907621356745762        1326.5902343296802     
   2.6395752360610967        1326.5382888516094     
   2.6020744662229549        1305.5405627552120     
   2.7463058469876680        1305.4555803845392     
   2.7668744886041496        1302.2045699529424     
   2.9096460410925267        1299.7143921173097     
   2.9304790410223069        1291.1125619333216     
   3.1055040040046520        1289.2301988912545     
   3.0708756371126951        1264.1279348432915     
   3.2156454344895971        1261.7636882283273     
   3.2433829513818311        1252.6561182826563     
   3.4086336940739344        1250.9217183691933     
   3.4367030807037486        1245.2899538290251     
   3.5259919453300435        1240.0461134961540     
   3.6001223834185816        1232.4367346585866     
   3.8590089680012540        1231.5966076052598     
   3.8062684963854529        1225.8938890276775     
   3.9860433439370255        1224.4104555688609     
   4.0147349442877136        1219.1161161144860     
   4.0774862189922887        1206.8586203522980     
   4.2272512891651699        1207.6210293085587     
   4.3049231299187243        1202.0355803017692     
   4.3598342892706015        1197.6997087414140     
   4.4477498119719989        1190.7207013015443     
   4.6723700142798243        1192.0614809305778     
   4.8231043536779117        1192.4243101711888     
   4.8749221391146289        1188.6862487072533     
   4.9699151207165979        1185.6200834086192     
   5.0785133959927258        1195.1486499473608     
   5.1794907427915327        1180.2141237853004     
   5.3723806350256060        1181.4342655309642     
   5.4959863637077415        1189.8518742006574     
   5.6387963866900499        1177.3334214005781     
   5.7822306930547152        1192.9538286336415     
   5.9404936314892165        1190.6976398929266     
   6.0459457069980331        1187.8844227277789     
   6.2444938706275526        1185.0467880212966     
   6.3926665919702979        1198.7199575426343     
   6.5876985968920296        1195.9294487262355     
   6.6933342879215116        1192.7625520053848     
   6.9024910260035446        1171.4942360918762     
   6.9899620181090878        1144.8067144590595     
   7.1878203611504770        1140.7768417323675     
   7.3484965658121491        1138.8567306956299     
   7.5576026819306721        1135.0578706262982     
   7.7410274264944547        1131.2114402799700     
   7.8837116976728874        1125.1081848649187     
   7.9633635627601960        1087.0216347690264     
   8.0675819843191281        1049.4998044130241     
   8.3047356336391633        1041.8949788157151     
   8.5484503163487933        1035.9194296531684     
   8.7526622623905421        1033.6352101927496     
   8.9698648076811747        1028.3790644478609     
   9.2324735247721321        1013.6849437241558     
   9.4559987347221135        1006.5233568982771     
   9.6971266323571630        1002.8091296984712     
   10.011911532295299        999.31538998108522     
   10.268988187085002        996.64354810754890     
   10.442297814585530        991.20833829079822     
   10.745887371866750        987.74405624820156     
   11.003699716414966        973.27799440288459     
   11.237310624719063        981.71592042797170     
   11.443000492631358        949.67762079117881     
   11.689110546362068        939.84877048719011     
   12.013708848906649        937.13026404581217     
   12.199942541648660        929.06357395374425     
   12.557005565699619        927.12328844820729     
   12.476691014351461        920.73155856643268     
   12.725742162836656        918.89355927224369     
   13.049533920981913        916.12604230136048     
   13.230960389089292        911.64831468074226     
   13.553709683605348        908.86241120393890     
   13.872151334441611        906.99175978626511     
   14.279304220644622        904.92980951866002     
   14.610838234646508        901.43479220522499     
   14.975734981046331        897.19711557108928     
   15.318642125671294        904.73050292702851     
   15.559828011670986        901.25370823097467     
   15.981292281696215        897.12871231450947     
   16.363742978766748        907.13333224196640     
   16.601421851187109        877.06995171326935     
   17.015557231663113        873.08089187436633     
   17.244289558955401        847.63961144509324     
   15.665264576739901        822.84351607844781     
   16.100059971540531        817.62220842308705     
   16.536281825972196        812.96268355103257     
   16.985270635664900        808.69541668690340     
   17.444166859622047        804.65122806237014     
   17.923930304054448        800.86764808346311     
   18.416599132232673        797.17614009499505     
   18.914322626878999        888.12063617595493     
   19.429008881208169        883.99387192323195     
   19.962633582166038        879.91138174528442     
   20.501523985119743        875.67562891216187     
   21.060994301252450        772.16771591795373     
   21.632946738617928        767.71371662944944     
   22.219564347710083        762.92115683537327     
   22.823662752086868        758.17579183695352     
   23.444524616518869        754.08949599347852     
   24.083650586192903        836.31493892056380     
   24.740313967583067        832.27336364246639     
   25.415969804947238        828.23002469430878     
   26.105359454167527        795.80415284669130     
   26.820031165675751        789.64196714413515     
   27.537542016904833        788.47797772903016     
   28.289843302304003        811.84684433693610     
   29.064795910817551        809.49743674122499     
   29.865552131950675        776.94923370230356     
   30.686982986199830        775.07035604860835     
   31.533107349182004        773.14300241970898     
   32.386570368105275        791.12839560482985     
   33.269010553700895        788.93562818341206     
   34.197723887030854        794.65609947262624     
   35.150610600034810        783.38454913052578     
   36.128632626118979        781.34264110509525     
   37.135840533250196        824.43977363206261     
   38.172022772265130        913.22748148913649     
   39.236153898477475        917.53326769482442     
   40.328078791867114        929.53515086820880     
   41.440994402179356        927.83623501792840     
   42.461519260487599        949.08554150071984     
   42.196704986007475        744.58015093099414     
   43.196051274596137        743.21567810691943     
   43.910321055812680        705.95897620826054     
   44.956489784794300        699.73011335129513     
   45.548252868792382        789.59327860414476     
   46.693469913219275        818.50458251657983     
   47.663942389973698        927.35862567944616     
   48.854030445414310        1220.5573030682604     
   50.161886482817501        1188.8869090627570     
   51.513851242199223        1203.5096794845203     
