 -0.13975662886190965        1576.9231608658599     
  -8.9352341740841335E-002   1576.9231608658599     
 -0.12917540011962633        1577.1086333311584     
  -7.1716855751222136E-002   1577.1086333311584     
   6.7033649883878697E-003   1577.1086333311584     
 -0.13023468123190610        1577.1218636257397     
  -7.4467035157947004E-002   1577.1218636257397     
   4.2437986018955490E-003   1577.1218636257397     
  -9.4408780669875222E-002   1575.3485392016064     
  -1.8864677362659940E-002   1575.3876479535447     
 -0.10116267139346563        1574.9461313412323     
  -2.5345315481076627E-002   1575.0069330233919     
 -0.11378421940648061        1576.7674782011416     
  -4.2078255318009378E-002   1576.7674782011416     
  -3.5987134711149560E-002   1575.8470395747490     
 -0.13819410501765769        1576.1212546121210     
  -7.9308064926141689E-002   1576.1219351927675     
 -0.11408188140593654        1576.1261305858570     
  -4.0438473829724819E-002   1576.1261305858570     
   6.1850887921621432E-002   1576.1261305858570     
 -0.10580303371927292        1576.2094233507191     
  -2.8111342053967946E-002   1576.2083251147221     
  -3.8177733423656733E-002   1576.1715924745674     
   6.5996455871555573E-002   1576.1734137087640     
  -8.4276007504857073E-002   1576.2356525712364     
   4.8052408967586497E-003   1576.2356525712364     
  -2.1765080563506604E-003   1576.1854010232553     
 -0.11027990572699231        1575.4605433065058     
  -9.7388357671216425E-002   1576.0879428930782     
  -1.0432848251842592E-002   1576.0879428930782     
  -8.9743516063272993E-002   1576.1507418885669     
   1.1348720613885829E-003   1576.1461561673359     
  -1.5615581341838958E-002   1576.0747802511264     
  -8.1603024256137011E-002   1576.1700913890138     
  -3.8681891802172692E-002   1576.0338797861384     
   7.3625204465148836E-002   1576.0344251098099     
  -9.5584371245279631E-002   1576.0303328341638     
  -7.6694021849266492E-002   1575.8237657345003     
   2.0155689210933581E-002   1575.8299522024224     
  -2.3303290943929484E-002   1576.0256673345073     
   9.6746002215064103E-002   1576.0256673345073     
  -2.5796242903364353E-002   1576.1581979895420     
   9.7325631248383740E-002   1576.1581979895420     
  -2.7791536985316025E-002   1575.8507019167866     
   2.7795542151851458E-002   1576.0062425165972     
  -7.3896669084250549E-002   1575.8730785750765     
   3.0195161575910845E-002   1575.8715481147847     
  -4.3399399898857218E-004   1575.7414224397555     
   1.2359156842204791E-003   1575.9981202917554     
  -2.3324383614656129E-002   1575.5738770563219     
  0.10146706089236866        1575.5738770563219     
  -6.4870472638397889E-002   1575.6339414790925     
  -3.6089899176877292E-002   1575.1936032925164     
   8.4275710540772361E-002   1575.2047641614115     
  -8.6957256621246152E-003   1575.2288689420488     
   5.1655457764408885E-002   1575.7191977132745     
   3.5073437536731460E-003   1574.8344605169962     
   6.6651547157862090E-002   1576.0658361793912     
  -2.8255769251792053E-002   1575.1923127988844     
  -9.0234237999056045E-003   1575.1663415832757     
  0.12640341329104179        1575.1663415832757     
  -2.3377477541608228E-002   1575.2386629314435     
   3.2039699951570258E-002   1575.3007974759298     
   5.8263674009899707E-002   1575.2308396669455     
   8.0238988200628816E-002   1575.3272779201188     
   1.5968926230585614E-002   1575.3097266949712     
   5.3371872358405008E-002   1575.1287068402053     
  0.20915143981986506        1575.1287068402053     
   6.3267087521646243E-003   1574.8142668575472     
   4.8021002058911084E-002   1574.9594050436044     
   6.8111310649105791E-002   1574.8551156740948     
   5.1325015036408024E-002   1575.0403308864004     
  0.12454657227901166        1574.8704897184846     
   2.6246967931734665E-002   1574.2330847300411     
   6.1830665481016907E-002   1574.4651866532326     
  0.22544503729070253        1574.4651866532326     
  0.10123672453353676        1574.5361431130309     
   8.7974986405089065E-002   1574.6298451093735     
   9.7347548560068109E-002   1574.7236482901928     
  0.20012996197912722        1574.2786770147475     
  0.11349994986056688        1574.3020544313545     
  0.12349863131690221        1574.2561674541723     
  0.16141346572711296        1574.2548227525142     
  0.18849213213599089        1574.2553517449355     
  0.13675242099923379        1574.0763160967958     
  0.17556920988661293        1574.0397628370949     
  0.22409677177299392        1574.0246036257704     
  0.22789640010386081        1573.9406521435726     
  0.32478282516927409        1573.9630130792816     
  0.17448571960528045        1572.8397560969029     
  0.17611854633655122        1573.1824586599112     
  0.25970319654583457        1573.2170526791947     
  0.26311016031027334        1573.2336709373894     
  0.35251436806679748        1573.2210394100939     
  0.25491691783881348        1572.9607999452776     
  0.33576591986579918        1572.7682568635823     
  0.30383907440941071        1573.1106169682630     
  0.37306743366660222        1572.9964108355182     
  0.26994140690776985        1572.2573996202552     
  0.30865429492326990        1572.3569631949213     
  0.41908479974246260        1572.5380626524404     
  0.37529051778364297        1572.4498458856572     
  0.46147638592140972        1572.6448586250588     
  0.36008327536908696        1571.9832916284020     
  0.40463356305179299        1571.9511136318060     
  0.43260423129551756        1572.0084084490670     
  0.40582377952858645        1571.9509011495929     
  0.42793608110548398        1571.8609704429846     
  0.53517101288099511        1571.8927052315014     
  0.48622462171736042        1571.8731600820224     
  0.57156251965277849        1571.8509352083397     
  0.58599885992804002        1571.7904448191434     
  0.55793489092305915        1571.6186379430110     
  0.66640338329514093        1571.5809198374789     
  0.57248414268127901        1570.5676133138550     
  0.64291642698432272        1570.5207914886059     
  0.68440901325850134        1570.5312949841405     
  0.62526566028750574        1569.9392648284706     
  0.70201379316238011        1569.8537939662638     
  0.74630932622593349        1569.8751154981082     
  0.67959293090558259        1569.0489183513757     
  0.75198347408514965        1569.1132011393152     
  0.79932949303808620        1569.1913832011764     
  0.85133139684814851        1569.2391171953871     
  0.76838770270873180        1568.0686068916295     
  0.86693197485946161        1568.2127062498737     
  0.90915245315105642        1568.3369265041374     
  0.89246366099574037        1567.9758421516869     
  0.90928104796126430        1567.9406857289280     
   1.0009878560086922        1567.8989976596902     
  0.99421072289177481        1567.8702712753684     
   1.1021109384995678        1567.8135647649281     
  0.97590595243866385        1566.8149907139327     
   1.1177686723353586        1566.7895248039931     
   1.2079600364350203        1566.8049729625930     
   1.1443026761002995        1566.9012977433131     
   1.1629222898796572        1566.7205912463462     
   1.2774670710319120        1566.6246604125417     
   1.2245939476410155        1566.0309682560069     
   1.3409158284663305        1565.8855575634880     
   1.3847650402826344        1565.8087596829553     
   1.3409471082541284        1564.8187873404224     
   1.4411684948531926        1564.6843902755204     
   1.4659742190198719        1564.6291739446076     
   1.5994485044044553        1564.5479465902031     
   1.4935848348663057        1562.5426474815724     
   1.5737135556031561        1563.1140968628586     
   1.5739246902195791        1562.1530636878781     
   1.6738836012982929        1562.4885796305666     
   1.7607831719819771        1562.6432380399510     
   1.7625815514942178        1562.0479065911479     
   1.8844649958465496        1561.8975082223012     
   1.8033924188178234        1560.4772589816655     
   1.9620790894473699        1560.7499506557440     
   2.0439971803016221        1560.8690952015254     
   2.0029125768740363        1560.5662248456517     
   2.0633429595908939        1560.2377195661059     
   2.2053430057675634        1559.9935962313355     
   2.1764031910072505        1558.5521814868739     
   2.3113063388462396        1558.8016000907317     
   2.2950976014858204        1557.2261582477911     
   2.4334270134079374        1557.6599126746542     
   2.5069651556903252        1557.6957040308396     
   2.5131383692393556        1556.7036345975810     
   2.5891753325059668        1556.4582381404462     
   2.7200138656758779        1556.1713818296623     
   2.7504701325564698        1555.2023624794215     
   2.7812908234869020        1554.8224431362557     
   2.8796834256304136        1554.2858930600207     
   3.0247964684527537        1553.9711357908252     
   3.0223237818383391        1552.1334926694419     
   3.1800551615055537        1552.4700909175085     
   3.2078785535987371        1551.7571756534778     
   3.2583482012749685        1551.1448472822749     
   3.3512939140917455        1550.9826720657938     
   3.4041212422782441        1549.4380233977047     
   3.5739378345942963        1549.5539815504533     
   3.5965722202088957        1547.6335239698324     
   3.7726420766269726        1548.1195862009527     
   3.8204287058111572        1546.8270568598352     
   3.8808329797504713        1545.3377780328422     
   4.0907663290896874        1545.7923559436351     
   4.1430432209161685        1544.6083780963600     
   4.3517749151311200        1544.5765015323352     
   4.3508325428525154        1542.2714939738796     
   4.5144407562310480        1542.8764044843108     
   4.7270808076948549        1542.3013529189939     
   4.7339287216541042        1540.1293324137662     
   4.7657362677515280        1541.8521238683411     
   4.8968756553805122        1541.3615868292729     
   4.9726848086464726        1539.8070721877311     
   5.1509883499407394        1540.1245327115050     
   5.2358730592099727        1537.6878280289209     
   5.3584569421812693        1536.8843075281968     
   5.5178629622774729        1536.2540841416562     
   5.6851601962553344        1535.3945853828652     
   5.8207934787347329        1534.4049262589990     
   5.9996582467809993        1532.7684294844855     
   6.0457753168767736        1529.6356049060644     
   6.1226789361768237        1520.0618916152196     
   6.2875132719195497        1519.2729426074211     
   6.4493285650284307        1517.7311167703251     
   6.6609461620014265        1516.6918330787962     
   6.7526341361974005        1514.1188534064559     
   7.0041736902471223        1509.8672644311428     
   7.1527178746322591        1507.8243267665355     
   7.3627457487441283        1507.0660314231702     
   7.5673489858354692        1504.8807934639797     
   7.7251993912892081        1502.8739023780483     
   7.8964172749316441        1500.9043879831804     
   8.1489353305316552        1498.4635765680944     
   8.3442661339383992        1495.5083521536774     
   8.5123327233527242        1477.5073817930404     
   8.7221034510176860        1472.4205042012977     
   8.8042790538088749        1416.8294711659100     
   8.8237764402400813        1303.5711309651267     
   9.0450629691308215        1300.2467828595413     
   9.3089232100755606        1293.8578508227858     
   8.7306905094183502        981.10548480263697     
   9.0254753809938961        979.70207868655461     
   9.2523909499287846        976.77103207769665     
   9.4752600551490307        973.32419154303943     
   9.7177450944543740        972.38136843729285     
   10.012078113234189        969.67042088016797     
   10.236563857190317        964.07929777305958     
   10.516900320495619        960.90357752716716     
   10.771196116458439        957.43554330204449     
   11.055241074709404        954.27317135278997     
   11.342504109430186        951.23917993216628     
   11.633726662125376        948.47470617859767     
   11.938276612946281        945.80943917617537     
   12.289450076050136        944.45314703067447     
   12.548384498056846        941.47066780801583     
   12.910954627510396        939.25697584598174     
