  0.36874599809224601        1788.8851187520945     
  0.48824279014444993        1789.9414109033269     
  0.53595616345539365        1791.6187680655451     
  0.55217173955645549        1795.7085936994843     
  0.56201926162917359        1804.1148294765208     
  0.70163489354726782        1805.3646384505300     
  0.61543874926281594        1820.6660151495848     
  0.74515957034887315        1822.0797075007604     
  0.64805761808404583        1855.1668750835495     
  0.73651500675106130        1858.4426957751732     
  0.77405828314225733        1864.1418832365096     
  0.92901698237428665        1865.6419780147803     
  0.83658640566133258        1883.1979535803441     
  0.76246999178981478        1927.2642997501387     
  0.86709062027379769        1930.7974486979592     
  0.92737130376254107        1936.0209279453175     
  0.89013659389079525        2245.4776973839221     
   1.0707412998007020        2510.0988015123785     
   1.0489644727738046        2542.3466333153287     
   1.1562749089404520        2542.8529309265250     
   1.1932297383909778        2544.3630855315669     
   1.2015438006898786        2547.7704235648266     
   1.3348890732509089        2548.0498910738143     
   1.2539870092762455        2548.5867890703626     
   1.3686956722746744        2547.8142944441629     
   1.3279192156999744        2522.7206576919953     
   1.3899711779781576        2522.9461540915822     
   1.4311446274744237        2523.7100344701726     
   1.4499211496057394        2523.0628164111349     
   1.5700207020926336        2522.2084330283919     
   1.5995921362880310        2519.7152732247318     
   1.5713849416760555        2511.9361722278763     
   1.7283153351050908        2510.9270656356771     
   1.6416309144154069        2489.3652716780721     
   1.7842281120771117        2487.6871425558829     
   1.8309218570102974        2482.4760861251966     
   1.7704128393519063        2382.3297436621810     
   1.8596301094579106        2381.4461095512916     
   1.9084994133842528        2378.7911416122333     
   2.0333352932146043        2377.5939973504078     
   1.9712674605563445        2344.9636449788927     
   2.0694133807359392        2339.8385422091828     
   2.0653117065979232        2236.8586592995116     
   2.1624204761025601        2234.2643516533617     
   2.1333008882255200        2174.9692300687025     
   2.0507161759529819        1639.0335638318024     
   2.0444230722673367        1631.2527832204310     
   2.2262913787990914        1631.3964644123912     
   2.2710559677798727        1630.8924688145855     
   2.2467064422238301        1626.4677304397687     
   2.3852125362244667        1625.3789937368863     
   2.3702793138326168        1620.2522208553712     
   2.5118748260698425        1619.4498244667377     
   2.4915186933139020        1594.7586496305594     
   2.5443635958860638        1600.0739428953837     
   2.5635497772421405        1597.6268784074139     
   2.7311352960995494        1597.0542070479266     
   2.7599831050277142        1581.7201659176199     
   2.7860923385334013        1581.7791278495756     
   2.8794524254567597        1577.9298883775098     
   3.0336138447679106        1577.1574281041010     
   3.0401515168016626        1572.0016683869117     
   3.2135331114871115        1571.1604405984760     
   3.2041557723600675        1551.8015919344882     
   3.2164028175164061        1555.2667768080064     
   3.4483375191702508        1554.7092362937240     
   3.4391921130063232        1543.1363509580187     
   3.5650144918697597        1542.8086489218081     
   3.6222654133205725        1539.3692062064174     
   3.6189873348234727        1523.2386553244605     
   3.7886372444161052        1525.7167362652228     
   3.8961549738705852        1520.6289836904837     
   4.0297866652045693        1520.2670234934810     
   4.0870476052896239        1516.9110522327117     
   4.2878992806129963        1515.9794350652567     
   4.2926115771453102        1509.6289003790137     
   4.5075139775374762        1508.5409237383710     
   4.4698329104470540        1497.2552137311832     
   4.6627769171450160        1498.1910447961477     
   4.7922893762733629        1496.7198201105152     
   4.8534665687413714        1490.3777835055216     
   5.0874323461926387        1489.6053393726399     
   5.1435788950437580        1485.4070765046006     
   5.3317343985118999        1483.0921625570077     
   5.4002965247696402        1477.9788361524270     
   5.5283510083311187        1473.3841021287701     
   5.8078272637425483        1472.1033465532034     
   5.8308016926956308        1466.2446009763521     
   5.9395383412461626        1460.4240280370955     
   6.1222192796921719        1454.2397805470573     
   6.2259312429013596        1451.2289852149934     
   6.3587111951477429        1445.5240153617151     
   6.5921699725427318        1444.9120453966552     
   6.7076378699246648        1441.2668453219151     
   6.9030126366849256        1439.1666512622421     
   6.9840443241840910        1434.5083133615151     
   7.1991386569570688        1430.2828578834947     
   7.4003668752008114        1427.7934149064918     
   7.4624090014562716        1422.2159961358941     
   7.7583682325097740        1422.0754147329856     
   7.9507569641587681        1418.7322612386408     
   8.0487366927171990        1415.3264542200784     
   8.1511863211329967        1414.0085411155765     
   8.2724172019521323        1411.8232225666156     
   8.5446608250217597        1411.4014527407446     
   8.6066957596978781        1406.0063667216334     
   8.8855571920354617        1401.1300200588539     
   9.0203171892760228        1395.7509654677415     
   9.2984733214709863        1391.3446647266294     
   9.4966174255999558        1388.3591321093454     
   9.7313041295871567        1387.2404708264787     
   9.9376684926007304        1382.0814025678344     
   10.206347064318861        1376.0067740435820     
   10.424283310927018        1469.9981769014432     
   10.308246434017654        1149.8470680852074     
   10.606954395138052        1149.2192282065882     
   10.820648285502751        1147.6449174938705     
   11.020585664630030        1144.5671202790854     
   11.386633749832706        1146.1644028543799     
   11.653706987594511        1135.3594892398082     
   11.883889417895070        1128.4027358378924     
   12.091802874582786        1082.4750114970461     
   12.306858427887137        1238.3015398989696     
   12.689869812885153        1248.1705746170194     
   12.920397391679193        1245.2745714166235     
   13.243686646609223        1155.8918621210107     
   13.599165713599318        1156.5555334945257     
   13.846677267875629        1148.4337081555325     
   14.228374418635985        1142.1250644646245     
   14.437380514746692        1185.6415697774348     
   14.433371049441982        1086.7752304178682     
   14.768053344517947        1055.0435006412008     
   15.110469598729912        1098.4470589461512     
   15.497069586710877        1093.1543531283839     
   15.780547093114762        1123.8380271137682     
   16.126378933861826        1118.8044596363329     
   16.087146413327456        1092.8460276682583     
   16.512596697617674        1073.7210009041285     
   16.927855161005898        1029.1346997008243     
   17.345659695049729        1026.5099867160616     
   17.775110568131623        999.91716752589105     
   18.204238831084776        994.20628916073736     
   18.556383512950607        1068.6606726344312     
   19.017112774316477        1066.6227379020957     
   19.494772164444377        1058.9830025302467     
   19.971166651027183        1055.6148131451953     
   20.461313017639839        1052.0214838676548     
   20.965274890663036        1025.2016836836879     
   21.482743872784177        1019.8441846951621     
   22.011307427843946        1096.9705784473676     
   22.549190222541093        1092.3220049878294     
   23.102182826449916        968.78419207234776     
   23.669250465155496        1004.1971848144733     
   24.032136428105584        1075.7319633384568     
   24.631050997735326        1072.4293212463544     
   25.236036021896709        1068.8941090071721     
   25.855693218720827        1065.5728249583776     
   26.495804070413190        1047.0205680418692     
   24.764717030697145        963.06779933327437     
   25.424419024177681        926.07567853538410     
   26.084226702722194        924.34480283420714     
   26.755517832408444        929.08124750625313     
   27.452783962172223        927.48907268016671     
   27.436972067151185        1556.5398813382776     
   28.148370394270533        1474.1990167607355     
   28.876278306310233        1476.4608991759949     
   29.623291291915546        1617.6123483786905     
   30.367965859639050        1627.8427486338223     
   31.025737098135355        1749.9498357653840     
   31.650366347289950        1870.9937155012701     
   32.228262557033219        1937.4160120166155     
   33.080285280546669        1918.4767733707758     
   33.955462732983094        1786.6419109445405     
   34.860233663027046        1858.0332798025847     
   35.773795498347994        1961.0000189661939     
   36.723731100602535        1937.4351102369828     
   37.699546368493451        1901.1912522989426     
   38.701219439852586        1923.8059782043927     
   39.733255496619407        1920.8222601654325     
   40.788684075266907        1918.1763632419754     
   41.868014504722176        1915.9633962248136     
   42.970761922051302        1930.1825266263415     
   44.076430808593983        2047.8690782627220     
   45.220488889867426        1990.7077520663322     
   46.121864785714955        2026.4736243374139     
   47.090225496901226        2149.2713636024646     
   48.351784177512442        2145.8053979732654     
   49.639200314947161        2092.3792475978457     
   50.964397471097975        2164.7941402369938     
   52.321441034169602        2192.6989544006947     
   53.707031531369928        2211.7561707967639     
   55.122404704418088        2218.4161894816789     
   56.592394950166828        2172.9260221469167     
   58.105512357300661        2168.9631690045135     
   59.655759871545776        2180.1936798641200     
   61.243342710760295        2179.5371876131139     
   62.873559280143830        2185.3580722628185     
   64.538323980268018        2205.0476294155128     
   66.234014417272860        2191.8516153024398     
   64.408903121689775        2317.2650358617952     
   65.921280335912570        2251.8822098460669     
   67.371270178724117        2247.1334323174933     
   69.137779020832724        2254.1504377536553     
   70.935864720141211        2258.1214211952329     
   72.745576637192585        2264.3076772100794     
   74.599237235682665        2218.3401563668076     
   76.551794951872708        2212.9500506937002     
   78.604867582735196        2205.9521880760444     
   80.721622480928431        2199.1257159598545     
   82.896802866353738        2195.4573891186728     
   85.138321688913976        2189.4882524955992     
   87.439258366360718        2183.6138008124522     
   89.806152071568775        2189.7963251210126     
   92.242100639020549        2183.6259673590007     
   94.738541107610459        2202.6957581880097     
   97.306030130354102        2195.2530218552174     
   99.937390227704554        2182.0236452509644     
   102.63631830315745        2184.4314034323497     
   105.42295530408477        2177.8066605722092     
   108.27746174693264        2164.7407000779135     
   111.21282376489707        2157.8015908507073     
   114.21093011537030        2150.7596954158375     
   117.27195037921474        2125.6837210776562     
   119.20703593471457        2109.9621645986895     
   122.50708800171650        2102.4368566383832     
   125.88946554003735        2095.0323180298665     
   129.37472399234863        2088.0251366609600     
   132.95935905648659        2046.4391385437598     
   136.63788899767098        2040.8370922573017     
   140.41192766191182        2001.3254272253612     
   144.27628654590603        1987.8812719079792     
   148.17328274927144        1937.4236036486998     
   151.64029263918428        1778.1620923824551     
   149.74530965410290        1759.4307861256018     
   153.80371952489139        1752.8183602250392     
   157.99237944943209        1711.6445764264263     
   162.29706909394403        1691.8720395744519     
   166.73123631188963        1625.2873691600353     
   171.31042553564072        1627.6765721758952     
   176.01785878696558        1621.0079069894960     
   180.86727842710343        1644.3843992540210     
   185.85728170120726        1651.7570646148215     
   190.98452296252756        1646.1502460813238     
   196.24793392073727        1639.1986988243466     
   201.65041486129945        1657.5777216589611     
   207.17328722961989        1727.1751280786582     
   212.73653771444557        1982.4750865606186     
   218.51356900620866        2040.8229494083375     
   224.51021806417828        2101.0187452558530     
   230.69342723698711        2091.3887601549332     
   237.05654395948048        2066.7039369931090     
   243.45552912918782        2152.4073828670766     
   250.13989005140081        2160.0790198020622     
   257.01055747319941        2162.4484144984663     
   264.14044142383977        2072.9701487764642     
   271.46578760238680        1994.3630343915381     
   278.95337733118612        1955.5620529809592     
   286.51693698429403        1906.6613106898974     
   294.00502293025596        1929.1393459937519     
   301.61146055678046        1934.9600051221573     
