   9.0816583150502925        854.64017401242677     
   9.3278363675949105        856.21286241716734     
   9.5986730472068889        846.43124733498610     
   9.8530022460359614        845.64579349188818     
   10.061577538761780        841.33754217482510     
   10.319320376813916        836.35501893628634     
   10.573196392815193        840.92514106694534     
   10.873169840828352        837.41477226047630     
   11.148513974766354        834.25868073875620     
   11.413136330768022        832.28963328792690     
   11.706683303633273        820.05820470711194     
   11.909516309919676        811.44653434828126     
   12.246902533964745        809.96826862390026     
   12.561896595797622        807.05772132088259     
   12.942482115674412        804.43073786445245     
   13.211569131340717        807.52764304655102     
   13.602999484408722        805.60842704555967     
   13.965899444637465        802.95241103571948     
   14.302819713368050        799.73258613971711     
   14.669243590899299        797.06103224564993     
   14.988053264488869        794.74648244727848     
   15.392207844701058        796.41091416057748     
   15.802503070922675        793.32580190628096     
   16.225171216718078        790.35314870981460     
   16.657342949174897        787.22999960543575     
   17.100933280608828        783.70590311599869     
   17.549618131362294        779.96796443823212     
   17.991661167596138        773.42320798575861     
   18.380443703294244        762.55806923775447     
   18.851254185273341        755.94505412643252     
   19.182487875711068        658.31185881608997     
   19.183357810918935        656.13296353403780     
   19.662227065428990        646.05081897944490     
   20.126021409240678        651.45228673697716     
   20.558190765254579        648.73138245333871     
   21.095714811419018        646.44533399263105     
   21.617495835018957        653.40925128372589     
   22.104406250973227        650.00198649111360     
   22.658150109247750        602.72769055836989     
   23.254787520999674        610.20290977638319     
   23.869674860323244        594.30593406159426     
   24.505574663183847        599.24453362708016     
   25.153417888905292        655.96541979460710     
   25.818657082720026        630.18675953172487     
   26.495211814022188        626.35061670773734     
   27.039035419623513        594.47450234170719     
   27.260418115700471        584.31429980500729     
   27.856023962532255        577.29129019036998     
   28.594828390390543        574.58210077696401     
   29.349358968603429        575.33126171588162     
   30.157435585232779        586.50790406519729     
   27.968645692652498        608.86667274041565     
   29.225551414208677        607.27307908231967     
   30.046398321562197        605.89703421028423     
   30.870717649834102        626.76508292171457     
   31.726649740159306        632.27628517561936     
   32.612964676313595        631.27346334583660     
   33.514367310940656        681.61869005226140     
   34.426164441910899        680.66152769073517     
   35.386321105221811        649.34548030091514     
   36.382394231774903        627.77547643979017     
   37.406921022725882        626.88267862505199     
   38.462209216214298        585.99376077340526     
   39.539242566221226        585.10874385461875     
   40.640825300414271        584.15949615981208     
   41.769789423031959        583.35774794795475     
   42.912681364132560        591.39788910354036     
   44.096222172189805        590.50289714355847     
   45.249139926917685        602.75187093650356     
   46.097566202873729        715.01372936555902     
   47.172167402168427        714.00325058536362     
   48.493604565060053        712.90996211494723     
   49.831686079494247        740.91639955717653     
   51.229069624421392        760.39580713666976     
   52.667858738613980        759.45714653988773     
   54.137760883380636        778.32435179889092     
   55.623856600578961        681.54582390555788     
   56.699679565237787        692.66834578897442     
   58.294477301595528        706.02584696439271     
   59.930623841340591        695.73190289759361     
   61.608514552772185        795.74600241951214     
   63.308785486157987        790.87469320733521     
   64.859231529509728        737.54340859839419     
   66.627035835403447        759.45459167422155     
   68.487136993563325        742.94381603968407     
   70.430163572337918        741.96539867050694     
   72.420718121738062        730.91682531876154     
   74.402651780966707        731.80781931192166     
   76.283354758494667        730.85243253693079     
   78.418645784411609        793.10460191464654     
   80.627659073504645        792.12131152281609     
   82.904130646277324        720.44624498559244     
   85.243539657550343        734.59374708837470     
   87.581633504542566        763.54634045493049     
   88.543953891067389        656.70328352616912     
   91.112082286109938        674.05577282445790     
   93.747929633948530        595.39610694868691     
   96.467078270992786        650.76486324539053     
   99.261244977076728        708.25936856293254     
   102.13884852341529        706.70290557757244     
   105.09350142893140        705.14374883230437     
   108.13465070020466        685.92195051708723     
   111.27226811006987        668.33862081872212     
   114.50502720519411        666.75403980789702     
   117.82835410995959        728.47321544185570     
   119.25422833097106        889.80223507858591     
   122.76497841036958        916.23470382928451     
   126.42593340758428        958.03883334554098     
   130.15718093736393        892.14905519927891     
   134.00648380496150        889.90238119292098     
   138.02294762985738        887.57734516150401     
   142.15817145369905        885.08222002628759     
   146.42249655242799        885.42525275346600     
   150.81812715633183        882.99683141674143     
   155.34572112222463        918.15748858981681     
   160.00902313243077        941.73286052146148     
   164.81289141780633        967.84040899277272     
   169.75717185674765        994.62417813764637     
                       NaN   906.97883758687851     
   175.56381393343204        895.46308922921412     
   180.90001787506407        914.77272140531397     
   186.39860975258898        957.36660154442029     
                       NaN   946.96760920013014     
   190.41881993371013        988.73286216868519     
   196.18693049538166        968.90067875153329     
   202.15528300049110        982.47227190748083     
   208.30791976729540        960.95968206469990     
   214.67499481058167        1008.9298726840847     
   221.26796155344331        1019.7727187800174     
   228.00344562204114        1097.7645357067825     
   235.04286706524388        1107.2248914438564     
   242.32104098301110        1102.3093270599834     
   249.73410251198700        1070.5785011047776     
   256.86389389757210        1076.7527580209830     
   264.81598451326010        1071.8239764397867     
   273.03332524538899        1038.8654670686803     
   281.57792831583339        1066.5740150017341     
   290.37798692739079        1046.7399676453554     
   299.49432080878944        1042.0478943220087     
   308.91932178742940        1183.8045104424632     
   318.63182341392786        1176.9418366669909     
   328.58633573869014        954.73534589195788     
   338.94239225668554        937.31045952035947     
   349.65828969172196        910.64315289379704     
                       NaN   1105.9996262188208     
   371.28936027787273        1129.5348173266964     
   383.08222733868018        941.02904462059121     
   395.25206142286447        929.16199442924051     
   407.75290895805733        926.69307570979242     
   419.84769266740108        1097.0825856983029     
   433.18849514365468        771.53716869979928     
   442.77712864576597        711.55030239899588     
   456.79656582801692        732.56820893324698     
   471.18342267961913        700.96150616173702     
   485.88187572448737        696.66614713726324     
   486.05599834565851        737.58914794076543     
   501.64823551259457        733.67475483717305     
   517.60296880537203        753.55765079455057     
   534.24234313145018        772.60353103551506     
   551.51392365839081        811.17776712096725     
   569.39638338048553        793.21309071071289     
   587.94888764223515        808.53180516158272     
   607.18595712187880        839.47111845606537     
   627.10610153655387        816.19274822757257     
   647.76651508168470        803.70512636126455     
   669.13301870067403        812.86034737418072     
   690.52910021493540        725.33690996336850     
   712.57539159557746        703.51442228359213     
   736.14402101153075        692.57966295026608     
   760.30534957196210        617.91549514245287     
   785.45877889092515        496.14777031855755     
   811.86168989989801        502.26219687792263     
   839.33194736319024        472.94856179332004     
   867.59399237806338        481.02362496509829     
