 -0.12886664265776840        1163.5884817422575     
 -0.12353284408805891        1163.6297989940078     
  -7.5420438454851968E-002   1163.6297989940078     
 -0.13609433407734309        1163.6337610270155     
  -9.1227623705605485E-002   1163.6337610270155     
 -0.10997954692203327        1163.6035689284165     
  -5.1722752224450302E-002   1163.6049686734743     
   3.2850471841558121E-002   1163.6049686734743     
  -6.9416205740165451E-002   1163.6320011152909     
   8.4942562889054052E-003   1163.6320011152909     
 -0.12621317426617987        1163.6208152774573     
  -7.0189943788368361E-002   1163.6208152774573     
  -9.9453575947582015E-002   1163.6288649920380     
  -2.9063038568189772E-002   1163.6289274458206     
  -8.0806490467015615E-002   1163.6346115874965     
  -1.3586391657081389E-003   1163.6346115874965     
 -0.12955245337775584        1163.7119682940258     
  -7.3482117904773533E-002   1163.6202246356295     
 -0.12765320962772400        1163.2995465866841     
  -6.3254816968642158E-002   1163.2995465866841     
  -5.8891244749256944E-002   1163.9489242888212     
  -8.2632290104435485E-002   1163.9800915470985     
   1.1630948208627341E-003   1163.9800915470985     
  -4.7095739617389706E-002   1164.1840469056767     
   4.8005136791757504E-002   1164.1840469056767     
  -6.8178820929052697E-002   1162.7788245158083     
   2.5445158236474905E-002   1162.7788245158083     
  -9.9288478803405793E-003   1162.5966765668156     
 -0.11332315629156703        1163.3962091570711     
  -3.7559251288677938E-002   1163.4020902743955     
 -0.10359383568987021        1163.4877833197838     
  -2.2898937140822136E-002   1163.4864444741545     
  -8.7028660016287868E-002   1163.4439026226123     
   8.5971105215025578E-004   1163.4451092616666     
  -2.8944672181411224E-002   1163.4867949709642     
  -2.3363795683737181E-002   1163.4433517551115     
   9.1002622244237164E-002   1163.4463019049560     
  -3.2431057444305772E-002   1163.5434614524024     
   1.6868803804448218E-002   1163.3431191128022     
  -9.7357035918685234E-002   1163.5694931274536     
  -8.9850282610637339E-003   1163.5575758776658     
  -5.6632808455207760E-002   1163.9100143496153     
   4.8064392396120433E-002   1163.9100143496153     
  -4.8066690910871061E-002   1163.0035659351652     
   6.1282588604519503E-002   1163.0372185068090     
  -5.1050765009425195E-002   1163.0286893168347     
  -3.3557727976359233E-004   1163.8761888771971     
   1.4803358236931578E-002   1163.2725155933786     
  -8.2455372560741619E-002   1163.1154793857220     
   1.8866810142404770E-002   1163.1179768135953     
  -4.4296889384601773E-002   1163.2230971318916     
   7.3221647743682020E-002   1163.2230971318916     
  -7.7746311353507916E-002   1163.4686328461542     
   2.7236180806891205E-002   1163.4686328461542     
  -5.1438869702944250E-002   1163.6730036531974     
   2.6591848910372897E-003   1162.7005842315773     
   2.3711217204158580E-003   1162.8488897855930     
  0.14058176884717546        1162.8488897855930     
   1.9293115049818323E-002   1164.2188000008782     
   7.2340903117296823E-002   1162.2644637852211     
  -3.0989306461846333E-002   1163.0246188787173     
  -3.7778638731200180E-002   1162.7226443233710     
   8.8626214761973798E-002   1162.7345174063312     
   7.8157181364978245E-003   1163.1768602903703     
   6.9694106828421115E-002   1162.8332547246171     
  -1.7423222724760875E-002   1163.3533217755153     
   2.8973671155032157E-002   1162.4849369325343     
   3.7398052685462126E-002   1162.3239733398209     
   6.3142793961182442E-002   1163.0793593875487     
   7.9882522149044108E-002   1162.6336966320541     
   4.8340756485953887E-002   1163.6707419896413     
   9.1663691707711936E-002   1162.8311829039185     
  0.13353394083770886        1162.9920852816454     
  0.12109955833489180        1162.9993390832590     
  0.31478718603730199        1162.9993390832590     
   4.0521295844701440E-002   1162.5876862751370     
  0.10519503144933011        1162.3280501617874     
   7.7227230795619328E-002   1162.3034171105394     
  0.13997187911075887        1162.6486757524192     
  0.18070954728296107        1162.3175692607158     
  0.17780794405712050        1162.6317452297742     
  0.11890031954563848        1163.0659276981100     
  0.15177128245532784        1162.8339584228859     
  0.16284841348243290        1163.2810243048634     
  0.16170565606906154        1162.3070269870927     
  0.25804115755769358        1162.1428497744057     
  0.18878798013860768        1162.5579688730902     
  0.26760464158206704        1161.8127131083841     
  0.27832679507527375        1161.7303357527958     
  0.17926966574820727        1160.9366991477009     
  0.20342616647765452        1160.9105111909550     
  0.23152397099376595        1160.6329808308176     
  0.31492340424190673        1162.0280125330189     
  0.29017438519911642        1160.6156531724812     
  0.28854264919597566        1162.4460331308644     
  0.31641172387338418        1162.8858586525994     
  0.26864019216975632        1160.6032108668828     
  0.31489302239679307        1160.6422125861673     
  0.40011631807149972        1161.4325634778618     
  0.39874384874863772        1161.6537150049983     
  0.34377607663818927        1161.1225883674997     
  0.37684541659133608        1161.1513088785459     
  0.38556895439038430        1161.1375952341416     
  0.48505969384263703        1161.1096187520836     
  0.44281813567542599        1160.9864432899096     
  0.47749018952631567        1160.9515994599851     
  0.41772137190480974        1160.6166709721913     
  0.49013938530243628        1160.5745695324224     
  0.53668004338961273        1160.5476145905563     
  0.52056439515218822        1160.4900776301483     
  0.59995850367087034        1160.4685102688634     
  0.52684357136366322        1159.9866033292976     
  0.60349762436897769        1159.9149636742286     
  0.64770665247796722        1159.9128744709612     
  0.60162550581454832        1159.6835682927565     
  0.67521217038591852        1159.6262271116868     
  0.77996284088468038        1159.6516825907565     
  0.69843253876463518        1159.5439976388100     
  0.77048598405675561        1159.4515478401015     
  0.75239696588024729        1159.2655203128168     
  0.84938996087966956        1159.2275035361311     
  0.75156652067382090        1158.3244057933719     
  0.78539396605210465        1158.6038196689481     
  0.92092491375533425        1158.6827218146557     
  0.83972850336972882        1158.4622043969985     
  0.90735431092978447        1158.5374615787875     
  0.93481679005083662        1158.5135665240789     
   1.1020510873943934        1158.5074982223623     
  0.98658563929833631        1158.2825863448190     
   1.0851463092164693        1158.1712894009340     
   1.0262795800944682        1157.4288963839588     
   1.1177305377222355        1157.4048325158253     
   1.1650349591689382        1157.4134483067312     
   1.1123252137769786        1156.6336344839085     
   1.2124656963253295        1156.7551122888046     
   1.2608525038882674        1156.8580143402100     
   1.2568743788355674        1156.6824325861639     
   1.3809652288851884        1156.6170582869966     
   1.2878616172921660        1156.5888678648398     
   1.3381999223301777        1156.6209968102667     
   1.3478071681815427        1156.1678336284608     
   1.4687558558113987        1156.1022708944686     
   1.4359117964703820        1155.7367479857658     
   1.5568028786128971        1155.6590606300174     
   1.5173694841568475        1154.9005940682059     
   1.6289578528387580        1155.0327221911505     
   1.6716052987656964        1155.0733119277404     
   1.6687106562958893        1154.3790857630302     
   1.7508518777631181        1154.3922909215769     
   1.8164123561389898        1154.3692340243811     
   1.8548250424745618        1154.0917027697349     
   1.9721318180157248        1153.9098117769938     
   1.9643495175277133        1153.4112496048767     
   2.1010509884770388        1153.3148017279473     
   2.0688925471960884        1152.4614877047338     
   2.2058381385249195        1152.6260856070128     
   2.1884530166924709        1151.8131155424192     
   2.3243584964558921        1152.0412930696582     
   2.3643635349503085        1151.3232348099966     
   2.4598258137619720        1151.6503937237217     
   2.4749557648710661        1150.9424614480927     
   2.6243195967959561        1150.8711981785866     
   2.6069538222755155        1150.0676145840298     
   2.6977720804897665        1150.0533422264389     
   2.7724511434980763        1149.7831661418800     
   2.8141089352930835        1148.7949165341818     
   2.9924630225879323        1148.8977501214410     
   3.0044645479302572        1148.3166350007934     
   3.0355888645762321        1148.7342528316065     
   3.1061235998786949        1148.7600866736179     
   3.1727559164963628        1148.2951322932558     
   3.2567644678158123        1147.8048425468191     
   3.3854851290799144        1147.5775035979073     
   3.4626432266122888        1146.9778697420318     
   3.5811297423118944        1146.7299984864630     
   3.6488785443790879        1146.0680445236828     
   3.8123256761832280        1145.8152416454689     
   3.8611351757734056        1144.8619024110337     
   3.9474010257325700        1144.4493606806818     
   4.1662931959706935        1144.3720139322811     
   4.1832346602247545        1143.0128508001726     
   4.2576572123617895        1142.4614516755016     
   4.5410191096508390        1142.7768989341187     
   4.5263681056845773        1142.4340846889520     
   4.5826451113545055        1141.1737480924853     
   4.7437959440378590        1141.0493157930789     
   4.7668032770464439        1139.8491523245561     
   4.9403926533677094        1139.1274105506538     
   5.2386145197538276        1139.4695783033314     
   5.2628413884418590        1138.2197713446672     
   5.3810807328816646        1137.5355983936772     
   5.5443868795263116        1137.2892884769581     
   5.6709273036753522        1136.8401191723885     
   5.8069124204148626        1135.9289402100403     
   5.9964182417442577        1135.1732229761458     
   6.0410102826663881        1136.9065479529629     
   6.0591150132539671        1133.8673833250211     
   6.2040293109979121        1133.3196548546589     
   6.3975649601012154        1132.2635482858523     
   6.5730414088405968        1131.4459451489827     
   6.7538462965420161        1130.4649258295710     
   6.8687457187855667        1128.5682366271863     
   7.0831341022326217        1127.5315958806525     
   7.1753018303602980        1125.4282523136740     
   7.4297750588865137        1124.8551708489101     
   7.6543900093804709        1123.7967527739850     
   7.8191491456068327        1122.7014255889626     
   8.0579054287757916        1121.5003577186205     
   8.2133876925113594        1120.1643409464216     
   8.4582012271424531        1117.7407154013893     
   8.6583710943474230        1116.6880394667555     
   8.9207724608328487        1115.7295861482814     
   9.1335305374549254        1114.7280804543234     
   9.4150179914717356        1113.3775302711429     
   9.6155680801976882        1112.2691620283174     
   9.8681381396178658        1110.8021743272739     
   10.181167237576709        1109.5420963742383     
   10.424461007879541        1107.7998767377192     
   10.700786171988419        1106.5346918532875     
   10.898389197591037        1112.2980023539133     
   11.195436712010112        1111.3535628106242     
   11.496581427851948        1110.7389676442781     
   11.798646623220527        1109.7546902677682     
   12.125463846699802        1108.5761030483031     
   12.412407667165937        1107.3699427057691     
   12.784397061397154        1105.9918942633208     
   13.112260616039725        1104.5002803414657     
   13.452091407925639        1102.7875044277164     
   13.816526997039610        1101.3496461117857     
   14.139269594998268        1099.6899024556947     
   14.517802009713899        1096.5384182249613     
   14.744729600664915        1083.4297645220324     
   15.120416309028327        1078.5956962416469     
   14.286088048190720        800.29188348901653     
   14.661566400726464        794.74688425730903     
   15.047728457840082        793.05808921277946     
   15.453294456521114        790.32420443667945     
   15.865052881597880        787.42564232504037     
   16.281374005083983        788.02026325689724     
   16.705578304888085        785.04999082435279     
   17.017456653411887        778.19413879713011     
   17.460284645398826        790.03909977555554     
   17.912233681354618        786.67892802424183     
   18.326091004865756        779.49856781014819     
   18.803156240148276        773.37335047011641     
   19.236359885899638        765.18201328682960     
   19.270348270863138        681.35232262164357     
   19.781637016687974        661.79139049030698     
   20.301669444361728        659.32624044674048     
   20.834409300622198        656.46880470738324     
   21.374808616971229        651.47346025970899     
   21.873294159004928        613.97710343573749     
   22.426320324563871        611.68766600604897     
   23.018904064872629        626.25544713256193     
   23.541277583585657        641.45544166729451     
   24.001744642604631        641.99666160224126     
   24.647252401589125        644.14704133395037     
   25.303055240404966        653.31393263035216     
   25.970085930907377        651.11931757974116     
   26.634961870332674        648.68192287819113     
   27.153855947903079        632.59906919222817     
   27.876003151303642        630.10021087878636     
   28.621161880844479        630.67232346469598     
   29.320605815792145        626.36775803018634     
   29.962986146655616        626.69154422473707     
   30.710835733556547        617.63150253377410     
   31.136115986171575        656.62302726750431     
   31.864696191107637        654.82373648267003     
   32.666821960093984        652.73209361483737     
   33.509664286487045        616.33386375963244     
   34.368620440205333        614.22702510900729     
   35.254558334993753        612.32884123502151     
   36.193681964891454        622.91433452521028     
   37.088205453381299        660.77841855500742     
   38.038652039859677        636.94075417597810     
   38.880497030804563        660.79570970031398     
   39.906217682670430        659.55027700586186     
   40.985712483849660        647.37591508695516     
   42.063582066170163        629.75046311972801     
   43.189667953603212        628.72363626590948     
   40.735630720981838        562.42984934117680     
   41.872925429878443        541.74737159373990     
   43.040104996380443        539.78243632912859     
   44.252177718963992        546.44433503860512     
   45.511529425595157        545.55590706094654     
   46.804066009481069        544.67425668391593     
   48.134422380829605        550.86334863765603     
   49.497424853275803        542.50343447510886     
   50.885060827334634        541.79556353967473     
   52.295841781850640        541.26079489336121     
   53.125347261340231        658.79647962064075     
   52.405587870815474        652.61057650365922     
   53.933603895711570        651.54386185003341     
   55.458916170253396        606.59020739167102     
   56.621316318105961        607.53404535251150     
   58.286878787098999        607.16533751988277     
   60.005592073031430        628.10567140432067     
   61.766318837173117        636.75329661033561     
   63.588542192419204        646.10684274006655     
   65.467620193893637        640.19344383707482     
   67.403477012694651        683.64468883159100     
   69.399040553361914        684.73115174500492     
   71.455133922142736        683.34026352385513     
   73.570588704442969        692.33792049869669     
   75.625443538592535        676.85756758166815     
   77.834273631997846        674.98401201785884     
   80.111799871906356        703.17927145642363     
   82.486553739284034        701.65622167066101     
   84.938817184163554        700.13773258119409     
   87.462406919901269        698.58732343629720     
   90.061326247661839        693.86892067405211     
   92.730540219123867        697.09989025784114     
   95.022939797320049        574.94227026641840     
   97.691385040325187        573.57530302064708     
   100.60237739612396        572.11273528006552     
   103.59637926515862        572.83879708088693     
   106.66300221573775        569.20038430254317     
   109.47083546675907        586.65237126295472     
   112.67895702026037        593.12699002739635     
   116.01464570495752        591.34242509621470     
