 -0.13309996575763774        2052.7474469084636     
  -8.7752084486063045E-002   2052.7519274715755     
  -2.6973095733956523E-002   2052.7519274715755     
  -8.8391778446492500E-002   2053.1281816684955     
 -0.11790344778414323        2053.0814461681352     
  -5.9537804609375772E-002   2053.0814461681352     
 -0.13745890004612310        2052.8868879174656     
  -8.7774883168870221E-002   2052.8868879174656     
  -1.8004132489312551E-002   2052.8868879174656     
 -0.14233595527443005        2052.8901166775977     
  -9.5994947356098800E-002   2052.8894623252536     
 -0.12142306458565329        2052.8393507388823     
  -6.4586106849144745E-002   2052.8393507388823     
  -9.1946944024987792E-002   2052.9508618302170     
  -2.0809230820972323E-002   2052.9508618302170     
  -9.6325120516648183E-002   2052.9253362320878     
  -2.2543756571672794E-002   2052.9253362320878     
  -2.9448139292962527E-002   2052.7700288073033     
   6.6761982663707559E-002   2052.7734906514665     
 -0.12714230600586449        2052.1738670030977     
  -6.4109164695975066E-002   2052.1738670030977     
 -0.11972768363372974        2052.3859021399840     
  -5.0465846154966049E-002   2052.3859021399840     
  -6.2704862734809408E-002   2052.4542702955205     
   2.8691882666275131E-002   2052.4533853138150     
  -9.0328574411368559E-002   2052.4385890445642     
  -5.6613345419857745E-003   2052.4385890445642     
  -1.3615517841254598E-002   2052.4361641528126     
   9.7736734301806460E-002   2052.4361641528126     
  -3.1179172298325782E-002   2052.4215132468162     
   7.9338297434256411E-002   2052.4215132468162     
 -0.10070402532927532        2052.3175542595554     
  -1.6520058334420863E-002   2052.3175542595554     
  -7.4329721021668765E-002   2052.2507517929462     
   2.1138051315678828E-002   2052.2576035907364     
  -4.5073740996919034E-002   2052.0689593705961     
   6.3954929771328203E-002   2052.0829967521649     
  -9.5016697236721057E-002   2052.1451221273692     
  -7.5552464952465788E-003   2052.1490630893304     
  -3.2262785022985699E-002   2052.1701620638923     
   3.7349495269791366E-002   2052.1475617470351     
  -4.5236400003617422E-002   2052.0743887599988     
   1.3238825392284182E-002   2052.2186736628869     
  -1.0452347198484212E-003   2052.0516206299130     
  -3.9575623936066645E-002   2052.2363830996001     
  -1.6077731231852629E-002   2052.1066354826835     
  0.10458308225844455        2052.1087559510993     
   4.1942888014642257E-002   2052.2582574804655     
  -7.4416395102691449E-002   2052.3925213774014     
   2.2752200819370755E-002   2052.3712776601333     
  -1.7247763348184727E-002   2051.7320604582274     
  -9.8219103337023376E-004   2052.5427436189457     
   5.5755378052808717E-002   2051.4394451524017     
   2.8787739211311621E-002   2052.0610012441466     
  -6.1123606652956269E-002   2051.7706589403992     
   5.0047564207362963E-002   2051.7695194466637     
   3.8823768315090372E-002   2051.8164481754616     
   2.2592832990205779E-002   2051.7161631673557     
  0.16892822735763122        2051.7161631673557     
  -4.1787825647963517E-002   2051.1011345328579     
  -5.0905379965431310E-003   2051.0498700840112     
   1.9431051674926446E-002   2051.2355094191571     
   2.6483029706933260E-002   2051.0740766061399     
  0.17173253304968075        2051.0759406794855     
   3.3610517061653369E-002   2051.4745131763120     
   7.8247725765490328E-002   2051.0399887062244     
   1.2730188460370103E-002   2052.0276874876013     
   7.5079452976314756E-002   2050.4049451023766     
  0.12924852649549415        2052.0721205676846     
   2.7435493372789287E-002   2049.7473999774029     
   4.9736834594259566E-002   2050.9754824422957     
   6.3810250042410074E-002   2049.9162251901112     
  0.23394937843092506        2049.9162251901112     
  0.10038401880092675        2051.4332515949359     
  0.16455315209349816        2049.9874057961351     
   5.3435280530686774E-002   2048.7182735318252     
  0.11120560047656863        2052.1857559705159     
  0.15312732334843734        2048.5004486586081     
   4.8279764014410080E-002   2050.2801032893385     
  0.13118322484845246        2049.8399241946681     
  0.14104181513122346        2050.0960318726470     
  0.13388554423789409        2050.1989934951143     
  0.22263233155844636        2049.9503455505806     
  0.16535942564924802        2050.0591101404984     
  0.24418355444775058        2050.0738085515673     
  0.15595982620786894        2049.8158371235195     
  0.23912736225335052        2049.7685881108273     
  0.13684871918818728        2048.6183412387891     
  0.14577006967077277        2048.8716106611128     
  0.23468803309774947        2048.9392114736361     
  0.21314151883481985        2049.0262417363374     
  0.30872943612412501        2048.9936823215112     
  0.21587870179784110        2049.0806035299870     
  0.28700693460010335        2049.1428460725165     
  0.33260352508873936        2049.0447119232226     
  0.22676743271495620        2048.2026734722003     
  0.26615639642476724        2048.1429020583391     
  0.31023771163341696        2048.1256589051250     
  0.33020350539675225        2048.1239712788661     
  0.43519849204736477        2048.1578402312098     
  0.39030058428396774        2048.1658917005343     
  0.32320973124305680        2047.2762800594594     
  0.35525461032846362        2047.2388143193805     
  0.42437803799370566        2047.2560444123712     
  0.43836204081385755        2047.2783539267907     
  0.37446274611021280        2045.8928691561732     
  0.44097933097639808        2046.0576532609296     
  0.44927337349983770        2046.3000257597864     
  0.51327151027675622        2046.3579433300695     
  0.49122339288062317        2046.5435537520721     
  0.57984882181463593        2046.5244912547128     
  0.51618034855884076        2046.1008246435467     
  0.53279759207025335        2046.0769929883145     
  0.58755636555348867        2046.0468753095167     
  0.52259486362318397        2044.6079027922285     
  0.61196401210978091        2044.6825228052130     
  0.63357161087416369        2044.8191478512260     
  0.63956945830601175        2044.9442395105414     
  0.70070388033362052        2044.9237769936999     
  0.70533116715674249        2044.8245242975179     
  0.66839058150170749        2043.5121095132870     
  0.72381009536795848        2043.4270157447972     
  0.77432795339202731        2043.4749754596314     
  0.75904362022069272        2043.5068668300255     
  0.74184181985619191        2043.1150175860635     
  0.82056136079893316        2043.1418258196832     
  0.84317734511394060        2043.1282354838368     
  0.92569797658763453        2043.1227486441221     
  0.84333261979732133        2041.0821357288899     
  0.91883440269098549        2041.4274978842250     
  0.95303979786645621        2041.6383990100385     
   1.0441990076844554        2041.6605051970882     
  0.97774430827718539        2040.8072113870237     
  0.98538512215025487        2040.5597928084492     
   1.1197436885492809        2040.5448131261846     
   1.0864132271497378        2040.2013114228616     
   1.1966350468148808        2040.0356614856200     
   1.1480647168764326        2039.2467533635786     
   1.2641594812860162        2039.0431830801519     
   1.2000619593636082        2038.3517271991388     
   1.3431157057867715        2038.1363964906964     
   1.3546610233361462        2037.8987440363849     
   1.3312250230332485        2035.6934136610969     
   1.4115446268577656        2036.0118728211673     
   1.4596282294631837        2036.1520139583122     
   1.4879743970815433        2035.5136052593266     
   1.5398229948206135        2035.5446570669721     
   1.5452734141021960        2035.1357349497098     
   1.7017295210125243        2034.9845933322208     
   1.6817557648727104        2034.2165605607004     
   1.6550699918435658        2032.7685226299534     
   1.8114670654291778        2032.5660162084355     
   1.7628137680109117        2031.6409093925236     
   1.8921187967537783        2031.4641165065852     
   1.8914914798594089        2031.1282534617285     
   1.9554840669335598        2031.1064866388283     
   1.9738673742124744        2030.1372839914779     
   2.1155944184330497        2029.8452882141260     
   2.0890601839830407        2028.6344641354194     
   2.2308358226917608        2028.4113401327418     
   2.1962384741506429        2026.7492401350498     
   2.3336580907955597        2026.8906578844919     
   2.3087191645566754        2024.9515648653723     
   2.4578355258886502        2025.3334419193109     
   2.4768959711414738        2024.8998844649764     
   2.4590071781657632        2025.0584620047105     
   2.5578953502737263        2025.1580512886435     
   2.5664109912692092        2023.5049023473023     
   2.7305371226037232        2023.4813483129135     
   2.6960680359038167        2020.8576577463068     
   2.8443659162591759        2021.6495225253182     
   2.8875601778606326        2020.8948261903713     
   3.0614953814580850        2020.5736847664473     
   3.0362016508915506        2018.5173823279504     
   3.1903815402639570        2018.7001282809456     
   3.2146075560156189        2016.8225860435305     
   3.3735019223302687        2016.8665003155645     
   3.3867914120956990        2015.1835066255926     
   3.5788484181482492        2014.9970552088314     
   3.5588221439760295        2011.9122885729987     
   3.7295470527454402        2012.7473241759430     
