  0.23935762701351143        1893.9628853603972     
  0.33023863225861771        1895.3876751089756     
  0.37535222578551808        1897.6789486757098     
  0.42261556788744203        1900.1890782969872     
  0.43710480205837199        1907.4481339242413     
  0.56510560850760228        1909.0159871691435     
  0.51134161475338491        1916.6573306140665     
  0.61690925818612818        1919.4800381254011     
  0.52532963091640072        1958.1346358557037     
  0.60715468612156398        1961.7573877116040     
  0.66354224350272883        1965.8816496209865     
  0.70214119615990700        2723.2496662348849     
  0.83160746168480670        2724.9988594932679     
  0.66695835184334218        2781.8357985675279     
  0.77758332627215543        2782.7190169836335     
  0.80256531775582152        2785.3881984352679     
  0.80855676160964840        2789.7153627627872     
  0.99361320160340905        2790.3028432211563     
  0.84314006217499393        2836.2900924687210     
  0.85505765684850754        2837.1851756833007     
  0.88574569000201431        2838.3392750290845     
  0.95011616737004889        2839.4618427602409     
  0.93597309643146032        2845.9714111785192     
   1.0311988692609100        2846.5580690380875     
  0.94632770750439077        2854.3172343030114     
   1.0867118512087293        2854.5003416159666     
   1.1438064267893673        2854.7629459482928     
   1.1801038422087495        2855.0206509707627     
   1.1084261136166453        2856.6464550645610     
   1.2031328576650959        2856.4509652186130     
   1.2536130188018095        2855.8984326890668     
   1.1421423481538466        2846.6117517161506     
   1.2561184105714092        2845.7210420221309     
   1.2935978482817492        2844.2476325382481     
   1.2979589816211339        2842.4976664137848     
   1.4446919486476297        2842.0012770263147     
   1.3391639225967424        2832.6403200377931     
   1.4513789746199051        2831.5512916566981     
   1.4961331706949641        2829.3968903139526     
   1.4590455600126950        2820.0712927058289     
   1.5750194783632776        2819.0383285528796     
   1.4748733441093840        2799.6162557748999     
   1.6161545647513802        2798.2970986338764     
   1.6832701265688994        2796.0056442418741     
   1.6633377017763646        2785.8976088913673     
   1.7934833841396634        2784.8242509433080     
   1.6660715374927990        2760.7594589657615     
   1.8056532243955667        2758.6911220458160     
   1.9024724054500923        2756.6635001381537     
   1.8070637354038914        2721.2969333475685     
   1.9029147990119646        2717.1588839009432     
   1.9231195021518428        2712.1829325762083     
   2.2475751289110302        2711.7055207150488     
   1.9329352212495863        2649.3308261060092     
   2.0220309997078170        2643.8020022959636     
   2.0908118978463350        2638.0238834992165     
   2.0428698490257164        2481.3834092331431     
   2.1415025619237342        2478.5901130416928     
   2.2031383817747088        2475.5647130561892     
   2.2430711030134383        2469.0458529056318     
   2.4490650969539800        2467.9260807285873     
   2.1000693450130101        1705.5097330867309     
   2.2125606864241654        1706.5377550379289     
   2.2329464001756825        1707.5920248318255     
   2.2588522638678135        1707.1716262068380     
   2.3850365731323246        1706.0250814354708     
   2.4275893979361802        1703.1760486800579     
   2.5227102720155403        1701.3069781719864     
   2.4665511668202855        1692.9679607738394     
   2.6165790738602275        1691.9271297062699     
   2.6058568984821395        1684.5258448478401     
   2.7691657279723341        1683.8712772036699     
   2.6759826023891096        1673.1188886521672     
   2.8366749808884659        1672.2278357692180     
   2.9236753925835131        1670.8952437227376     
   2.8589958984309742        1658.7331963586416     
   3.0191833122294032        1657.5993794993676     
   3.0805963510275327        1655.5339006991055     
   3.2379052544719222        1654.9371597469724     
   3.1393296225507559        1648.6484866907945     
   3.3135482714158173        1647.5721515562891     
   3.3164373972696630        1638.5869885114184     
   3.4770026585423346        1637.9322712840899     
   3.5153443511097664        1635.5824258243124     
   3.4979895711576416        1629.8077969161491     
   3.7104089995154284        1628.8525198121013     
   3.6404878558996194        1618.3563860053277     
   3.8518792153738484        1617.4502598182819     
   3.8527305883747243        1612.2773546806875     
   4.1148614508287285        1611.6528033948489     
   3.9997951784877941        1603.4778940809365     
   4.1662595097996586        1601.8551004545657     
   4.1064920076457030        1574.2386420820667     
   4.2889758779028959        1574.6551040074612     
   4.2673709968402722        1559.7233812983166     
   4.3941024681658964        1563.9080186444287     
   4.4091629632272014        1555.2887489919440     
   4.6336034212023272        1555.8339925140488     
   4.6236202901897192        1553.8976000413409     
   4.8407762403346597        1552.5651545618941     
   4.8779292314121241        1549.1664818691690     
   4.9039372390422091        1541.6884493419393     
   5.1470164760685222        1540.5699613261615     
   5.1745494071027016        1536.4483932215594     
   5.2226676758917749        1515.4524802726235     
   5.3704884639663666        1513.3118647228969     
   5.4400526384963630        1517.8605523677354     
   5.6716810273095852        1516.7649508588572     
   5.6495788904192965        1510.7926747132092     
   5.8680135868693624        1509.5118125766116     
   5.8959620175906045        1496.7300053964834     
   6.1157531610238323        1496.4091874247251     
   6.0892184177950774        1487.6818767902535     
   6.3216875523482488        1487.7254011269245     
   6.2509374968326403        1476.8118803873940     
   6.4104356756438055        1477.1728945734997     
   6.4536842151587255        1469.5482676327410     
   6.7035423155485558        1469.4270659177344     
   6.6360323580260179        1321.1571910140694     
   6.7691049658110289        1316.8735550347280     
   6.8805467925679125        1316.6116545937427     
   7.1996256586472906        1315.6968873293545     
   7.2262460764094252        1311.6322633036305     
   7.2886945220627668        1303.5395924640152     
   7.7181954099784935        1302.5078994417870     
   7.7483338877498680        1296.8168295992350     
   7.7716739130016625        1284.9611959695901     
   8.2211702795703125        1283.9950748135561     
   8.3449145548988106        1282.9383350453495     
   8.5409791755772666        1280.2406485159022     
   8.6445349184334024        1271.1211330047222     
   8.8287242688580942        1268.0098022075445     
   8.9433740110835487        1257.8684885533603     
   9.0904476867913004        1243.8876810612337     
   9.2392905185977980        1235.0010887795208     
   9.3331687139830137        1230.9790742546413     
   9.5359300170644392        1227.5889554782430     
   9.8900488226188497        1223.3718686518971     
   10.035825054834342        1223.1037522338638     
   10.188829649838429        1209.7391248111785     
   10.367190053231621        1214.9563361675271     
   10.657835426134836        1235.8914573938903     
   10.843310003791132        1240.5874772192378     
   10.900008000548816        1297.9799868214452     
   10.822029932358674        1347.8886810364343     
   11.075639773549465        1347.1367379657770     
   11.229794375756656        1340.3203086686024     
   11.624910590858370        1338.2772843032674     
   11.774666020770885        1337.0362342800186     
   12.017536281479247        1339.4652121962820     
   12.317985271770015        1311.4848236913474     
   12.598361436889512        1309.6741909025341     
   12.671326909344975        1376.5787929443691     
   12.910277171404841        1275.6100492684304     
   13.105194275763990        1277.4556983226914     
   13.381156169377428        1268.8335174114775     
   13.660597811774375        1267.7047582979012     
   13.955371409216047        1265.9117889055997     
   14.100814752498392        1233.7471028504360     
   14.487174152263949        1232.9353264182350     
   14.774447114407192        1196.1317990472237     
   15.095851903646626        1163.5867386638233     
   15.449609197603332        1162.3310511579725     
   15.773064057420285        1161.2762899570198     
   16.038127547408287        1159.5449105804025     
   16.444002101183685        1137.2687938638073     
   16.758800744877217        1141.4188843433060     
   17.118624429736201        1140.0637678401520     
   17.438840947067487        1139.6770302125781     
   17.688646259606063        1140.0505805768621     
   18.075606402830878        1137.6296035177368     
   18.418110097367329        1133.9052159101859     
   18.817489273099699        1125.2818999921403     
   19.179394268400376        1107.0951474366618     
   19.560453234458496        1093.3779384927927     
   19.958328458071115        1079.9914564157791     
   20.303565956479147        1046.9174820175267     
   20.367868732698245        1048.4708441965147     
   20.787666318762511        1043.3561629386506     
   21.223150281235831        1042.5113280951318     
   21.650102753953501        1040.0393523058078     
   22.102146203614367        1039.4792784775555     
   22.550879605073966        1028.1337035981346     
   23.014651103591387        1031.1139331022887     
   23.433748054910051        991.58919192117980     
   23.866334866412828        943.58126198961020     
   24.375985698907126        962.79536632307270     
   24.885318460844470        959.86695014636041     
   25.328854548494309        1109.0038180064009     
   25.439316524207854        1131.3210715814589     
   25.873341788702874        1043.0808748627617     
   26.424429123966561        1043.0044857785349     
   26.980499751066493        1056.3832116329531     
   27.546106474849974        971.94022923403156     
   28.118137546655344        956.98044969180023     
   28.658306417706310        876.18496510205284     
   28.911418183875089        951.93985225813617     
   29.536662081746343        949.76982710353900     
   30.167785599932749        972.60671333672713     
   29.775544176169760        881.61257451372035     
   30.135452746370525        880.06177215460320     
   30.791503558486323        878.90130577373054     
   31.449070411234764        879.25273575473170     
   32.116256036035857        931.99598003019980     
   32.790434242738357        860.19645727034776     
