  0.84794945519060050        1710.4238406219902     
  0.96601197410149575        1711.3820525262918     
  0.99379350388785359        1713.7330149630479     
   1.0111458761916454        1718.6415834385639     
   1.0204270240510118        1728.0857153921277     
   1.1613253584796601        1729.5106652917184     
   1.1381802453783849        1736.6058974561186     
   1.2514240786548625        1738.4889314319630     
   1.1651137612530162        1758.8710044883837     
   1.2623117463286113        1759.1158024624167     
   1.2989515483129959        1759.4414417043690     
   1.2981841198845105        1760.5843654013765     
   1.4264074993209825        1760.7249610074366     
   1.4413157110782941        1760.4798842845858     
   1.4064855659900306        1751.8651770623360     
   1.5098916127945583        1749.6174443376278     
   1.5100101195025464        1736.5671676806651     
   1.6384574029391823        1734.5224188425843     
   1.5164668517170989        1631.9313768609932     
   1.6254044625547892        1632.0163433041319     
   1.6732550422320798        1631.9432476430302     
   1.7064051801634494        1630.3483546748005     
   1.7268731199871350        1625.3976311168940     
   1.8958307130332881        1624.6409913868329     
   1.8390623785930720        1616.4709407279959     
   1.9981952381259225        1615.6800458758189     
   1.9445102588678398        1607.5216353518767     
   2.0907797661351215        1606.4519304023020     
   2.0566581152931653        1599.0753660991998     
   2.1916762336486943        1597.8661382720484     
   2.1713275559549707        1590.6379911540835     
   2.3212502183003121        1589.7309469758918     
   2.2767338307079603        1583.4352768587232     
   2.4473756799578146        1582.5448456739125     
   2.4025978131136232        1574.3175723368604     
   2.5920019066081448        1573.7679127754095     
   2.5193736400470641        1556.1580120685410     
   2.6518756853971652        1556.1192385769245     
   2.7259151421567664        1556.2321388436831     
   2.7184786284349078        1536.4668617813468     
   2.8184800649059856        1537.2012329311754     
   2.9137357863804616        1538.8351293670491     
   2.9472630277516814        1536.9058142656156     
   3.1385542684653362        1536.1658302787889     
   3.1320551027121439        1532.3483022101861     
   3.1490724220576682        1523.6989602119559     
   3.3529933733143404        1523.3138969500308     
   3.4117810612514132        1521.5278558208586     
   3.4200953271538848        1512.3386527568107     
   3.5862253923877643        1511.4044612392402     
   3.6077410763890354        1502.0623296992696     
   3.7356841388459738        1501.5571074528109     
   3.7970161779830014        1496.9124041046055     
   4.0150921997195494        1496.1771014877083     
   3.9800471962459265        1484.0564531200587     
   4.1748746794320342        1484.2739419978482     
   4.1916391029272795        1479.3964054524013     
   4.3908714194875280        1478.3870508319392     
   4.4009975529661407        1465.0845945926226     
   4.4569613449838270        1457.7661168186464     
   4.6022351729778608        1458.6508090432135     
   4.7820893068836536        1457.7625959738152     
   4.8167750163968712        1448.9935602629671     
   4.9499645348869112        1448.2118306428642     
   5.0584024840066100        1445.3111598502826     
   5.1704181136428105        1441.6452916575802     
   5.3376354684392160        1439.1974451152901     
   5.4616599345071393        1435.0758676340133     
   5.6355609930637787        1427.0111921658943     
   5.7660705938641090        1427.6751707988167     
   5.8615136575001410        1418.3112546866400     
   5.9659360013494389        1414.4318370467101     
   6.0647063915585235        1411.6732602771299     
   6.2952982599367537        1410.8165749129025     
   6.3745231807722185        1406.9997062219975     
   6.5043580153177007        1404.7601809950952     
   6.7317439101162746        1402.1717351119594     
   6.9186688643425640        1400.0947432032808     
   6.9999112137045278        1393.1719097449156     
   6.8674603852465514        1165.5877732546646     
   7.0798893502402693        1153.0571467024363     
   7.3614340525010853        1186.7954285410178     
   7.4526971456917588        1184.5038474711964     
   7.5505882567450486        1177.8455962782086     
   7.7830201283231384        1175.2030839944512     
   7.9346609352770994        1128.0742652805097     
   8.1704937977910603        1112.4504643608680     
   8.3367264461948523        1105.4190590887972     
   8.5091828714034357        1153.0356735813707     
   8.7854773651441498        1150.9309842261878     
   8.9552298945690936        1170.9833909981198     
   9.1223756305077668        1163.6816060958574     
   9.3589025304103917        1159.4253900510496     
   9.5953485004216699        1156.2687298167411     
   9.6763650826904204        1256.0439112229997     
   9.9020983401528131        1254.7929559109512     
   10.105213325282177        1254.6789896829684     
   10.360150772959207        1252.9738478690667     
   10.592367701046568        1246.6917706951485     
   10.827100004611099        1345.0818765258277     
   11.165039136408627        1342.3950255163732     
   11.365920002258669        1333.3056253677903     
   11.664662560696490        1304.4218037704836     
   11.967339976109619        1302.0522681459618     
   12.258051298306476        1299.4036772642769     
   12.483767389842912        1294.7628614370449     
   12.828592488428264        1350.8042660470530     
   13.152518569134093        1315.1403452313409     
   13.479910033406165        1304.9444982191783     
   13.777491970960133        1302.6565092132009     
   14.166719318213621        1309.8096443429995     
   14.485598532891649        1280.3914410644966     
   14.841196872535260        1277.8245508357306     
   15.232393984906494        1264.2773541125125     
   15.574136103412766        1252.6514760745470     
   15.685350249642196        1280.5519146409481     
   15.306809099071193        1045.6673384275891     
   15.682899489108722        1243.5854803504531     
   16.092600320990620        1154.3937174912785     
   16.486728085855113        1294.5269237759769     
   16.420352264979950        1291.7852412023399     
   16.711498871146134        1237.0453107289450     
   17.048342837076063        1222.0005952106367     
   17.492234322608109        1179.7439588643260     
   17.951214692140894        1176.9963025326060     
   18.415599947362566        1239.4372182939824     
   18.894026239303933        1242.4595278797749     
   19.385513156865436        1219.1369877523853     
   19.878777885578245        1216.5166300630929     
   20.313181482329256        1255.6957297185936     
   20.832125927322341        1192.5874697804049     
   21.334489600637703        1147.6040860944759     
   21.675517150301015        1133.6290691294939     
   22.242071804247548        1131.0555792647688     
   22.823606538483109        1126.5593752658826     
   23.422109876928157        1105.6163791673762     
   24.039818873135314        1101.9124639166093     
   24.674757333790140        1099.0428646867160     
   25.321433975807714        1096.1549721366462     
   25.989706594035045        1088.2240128873691     
   26.672394495199054        1088.1243452728593     
   27.376800201599576        1085.7716798188283     
   28.098179794094868        1083.0448207660399     
   28.838631418424011        1079.0720557366469     
   29.603312100530044        1079.3078539504031     
   30.380595008395364        1077.7277977680212     
   31.161705387900447        1040.4049375807570     
   31.275452695132422        991.65161702155876     
   32.075465343899310        988.19229640252138     
   32.863236113857482        988.26896399912221     
   32.057773978958558        918.25785567954813     
   32.896994671811868        937.53760748204672     
