   2.7073127411782960        1350.2765853572223     
   2.8095045860848966        1359.0870931170725     
   2.8832594537818346        1362.9246063817423     
   2.9559652037550479        1361.8568800680712     
   3.0375895324246249        1358.7891359541291     
   3.2434599432510764        1357.7518537832225     
   3.2159863841429361        1350.9410200559114     
   3.3254472625193725        1346.7986162638283     
   3.3515928299756865        1338.8350853375925     
   3.5642307130277748        1337.9409328018930     
   3.5449239282851424        1331.9211764598354     
   3.6100312481612771        1324.4648201556479     
   3.8412285878088603        1324.1363504292194     
   3.8131068862456359        1306.7532232014466     
   3.9958356794557539        1307.0443953782778     
   4.0300240586487694        1306.7901240145584     
   4.1085339372944949        1303.3710216052993     
   4.2476281276434777        1301.7670157088075     
   4.3452942145714433        1298.9999388040701     
   4.4556469238061807        1295.9901919012898     
   4.5728217127210611        1293.1371577245570     
   4.8119370053719495        1292.5163009973012     
   4.8541445342896719        1288.6950545968773     
   4.9299735025216389        1283.0002143301999     
   5.1621274856406467        1282.5280400358654     
   5.2333001295477963        1279.7269849328147     
   5.3261211087876168        1274.9043566162836     
   5.5706806216924418        1274.3097100250591     
   5.6355787060948712        1266.5026536241912     
   5.7565249132869942        1262.9343329897081     
   5.9423344602679178        1261.8216463708086     
   6.0824293339534981        1259.3609556577546     
   6.2622560648947134        1257.1293370481928     
   6.3867814866075827        1253.4044335822070     
   6.5596541193070257        1249.8726636363153     
   6.7284957584241054        1247.3298041904520     
   6.9122727323849356        1243.5798062316869     
   7.0939784731583098        1239.4397188287023     
   7.2570375303205905        1236.0607370251550     
   7.4700317416893105        1231.4496593537249     
   7.6204666138916615        1227.4863200315845     
   7.8315679659252542        1221.6628740060635     
   8.0619960337540615        1217.5160406142197     
   8.0375530547345768        1174.5374568128289     
   8.2410794159755767        1175.9092104342253     
   8.4405446809149005        1171.7283701699525     
   8.6658048108786776        1167.0985401709895     
   8.9198516930810978        1158.7259150550237     
   9.1314735809476542        1150.4123846729890
