   1.0433998144803784        1980.3776406749994     
   1.1406506890518382        1980.4645817750143     
   1.1862953451429123        1980.0977346669481     
   1.1732731607681530        1977.4577222636644     
   1.2777849214606722        1976.6659734623327     
   1.2807930533076914        1972.9422260303033     
   1.2611409240515308        1963.4110354050006     
   1.3893291908922962        1962.5139039870317     
   1.3693436447431420        1955.5278062282534     
   1.5025247153010723        1954.6550832515727     
   1.4088245086608513        1937.9287923430559     
   1.5306093136460470        1936.9082426529071     
   1.5577828438806383        1932.8765208889963     
   1.5301899055312953        1923.8978595802694     
   1.6761226542578564        1923.0742819035354     
   1.6097604775599621        1910.9649823352404     
   1.7588593171090985        1910.3465524697560     
   1.7886618338513183        1907.4569289425724     
   1.7695637128193535        1902.0917540372707     
   1.9529586529334149        1901.4625993992502     
   1.8668248025498679        1891.6278799131414     
   2.0033484488135049        1890.2405188383234     
   2.0372860218896944        1886.7488386935677     
   2.2116828618454845        1886.0784934050625     
   2.0960912106765619        1873.7568045651931     
   2.2207591466812708        1872.1005607455477     
   2.2174270777637810        1864.3603842763375     
   2.3627680562650211        1863.2540898235325     
   2.3106275502054010        1851.9455342553847     
   2.4579127726782390        1850.6768729711323     
   2.4769482483659244        1845.9988063803448     
   2.5123141573594632        1839.9660486478592     
   2.5555410584248603        1832.8842909532511     
   2.7562106171955283        1832.0752614232886     
   2.7047121338249180        1824.9904254492419     
   2.8706466661914103        1823.7772685686966     
   2.8827184089138393        1819.3545162538021     
   2.8891433945370637        1809.6347812127940     
   3.0836113591358925        1808.6835922885512     
   3.0477905377631265        1795.7611015274251     
   3.2043350030748119        1794.8791453412737     
   3.2488520911705372        1792.2517106298149     
   3.3878976475282183        1790.8374969540425     
   3.3740826302376683        1782.8456937121946     
   3.5562895755610415        1781.8293985710882     
   3.5340823073142973        1756.0290529243382     
   3.6119520674931809        1758.1116507424922     
   3.6716209206644921        1755.8763856423382     
   3.8972906592550278        1755.2066163434831     
   3.8889534165570687        1751.0892074933136     
   3.9537178234850163        1731.3077183536302     
   4.0357562806544758        1735.0354390485716     
   4.2209004224342603        1734.3587646114324     
   4.2629169638211302        1730.6898583223103     
   4.4556464960876836        1729.3902543400420     
   4.4218503492037566        1716.5250622621352     
   4.6057279437144887        1717.1669929124923     
   4.6928368811335854        1714.1690205919790     
   4.8887554349363462        1713.0205830056143     
   4.7598459274086027        1692.5256153103701     
   4.7949040827845275        1686.7383315272434     
   4.9162970122764769        1685.7689226309176     
   5.1276857448723057        1683.5747146930744     
   5.1482797990552713        1678.0086388194889     
   5.3763651666484416        1676.7934564577313     
   5.4246046451616250        1671.2873493297329     
   5.6354868726854184        1669.8324223346688     
   5.6730123627011642        1662.0322746129243     
   5.8490637111833719        1659.6472859755847     
   5.9558729678842166        1652.6944491332729     
   6.1481686114366809        1650.5505050984757     
   6.2405888212375675        1641.9259935053583     
   6.4017876695128404        1639.4081076498278     
   6.5998303305231056        1637.0844724226927     
   6.6465063324524785        1626.5154646978374     
   6.8553196098996310        1626.1725564251678     
   7.0451289297517450        1622.4238680227600     
   7.1577905918894640        1618.1604636769234     
   7.3136821263957561        1613.8497905252157     
   7.5150680969262336        1611.4948072340651     
   7.7148071731393548        1605.5184796680956
