 -0.12946108632626052        2021.1394047357203     
  -7.6996252337384843E-002   2021.1394047357203     
  -9.1106819580975981E-002   2023.5402130145878     
  -2.1751893440455503E-002   2023.5402130145878     
 -0.12281190850065303        2021.8098579936661     
  -6.3231578272591460E-002   2021.8144672672220     
  -6.2051928787002913E-002   2022.4426593640396     
   2.2778802471753890E-002   2022.4322233208047     
 -0.13947948091581289        2022.0219696471290     
  -8.6176648408874512E-002   2022.0219696471290     
 -0.10546832219909572        2022.2366685409499     
  -3.7530581184198601E-002   2022.2327713079599     
  -6.3798189959542353E-002   2022.0267149760782     
   2.0228440233412744E-002   2022.0302919902076     
  -7.9288189242852802E-002   2021.9770531467541     
  -4.5880898888067560E-002   2022.3012678892114     
   4.8861700412241256E-002   2022.3012678892114     
  -7.2276508090379860E-002   2022.4139119855386     
   1.6572382104879557E-002   2022.4036746069171     
 -0.12147434794969719        2021.7998590221048     
  -5.5567410691904066E-002   2021.8045268917426     
  -8.0057384756257732E-002   2022.6246626379029     
 -0.10487496206925480        2021.9674618401107     
  -2.6253755497168796E-002   2021.9674618401107     
 -0.12693631051494117        2021.4202334112570     
  -5.8950917714551576E-002   2021.4202334112570     
  -8.0028124074670526E-002   2022.4102122520719     
   9.1299295421994227E-003   2022.3909261610031     
  -7.9469708581413195E-002   2021.9683580625481     
   9.6597293243311077E-003   2021.9638203478830     
  -5.8856776972827964E-003   2022.1680979853954     
 -0.12314836205834619        2021.7967870163534     
  -4.6770073820927349E-002   2021.7967870163534     
  -7.3284811988221857E-002   2021.9766107145922     
   2.2112745890521694E-002   2021.9766107145922     
  -6.9314282469993410E-002   2022.0170695552363     
   2.8601860399890131E-002   2022.0186405418929     
  -7.3251219761065078E-002   2021.8358763357637     
   2.6544886674544001E-002   2021.8358763357637     
   2.3854650392605727E-002   2022.1362506405421     
  -9.0570261345306685E-002   2021.1622352364293     
  -4.8210141322728155E-002   2022.7022648505069     
  -4.5986322407214453E-002   2021.2979805225625     
   6.5932997830527529E-002   2021.3195233593478     
  -1.9191539613234974E-002   2021.0923997526406     
   9.8507045642990065E-002   2021.3051654375090     
   6.2818322563261923E-003   2022.4172907148295     
   5.0473202069272811E-002   2021.4489290502743     
  -6.2807169979662972E-002   2024.2631648332242     
  -5.5371715931608584E-002   2021.2322343062735     
   5.8408816353755111E-002   2021.2322343062735     
  -3.3133542394989696E-002   2021.0198878863578     
   8.7646030698483077E-002   2021.0160268204038     
  -2.4793404761967702E-002   2021.0398657527562     
   2.2375400557311388E-002   2021.6662796278024     
   5.3532268562798788E-002   2020.9652605550382     
  0.19347347689240926        2021.0806189601494     
  -4.1526421810835261E-002   2019.4347653382358     
  -7.3530426304453805E-003   2022.1041741125368     
  0.12436921304518909        2022.1041741125368     
  -5.2198375032241401E-003   2018.8969251984929     
   5.3981890751077337E-002   2022.2851386673067     
  0.20831927507559564        2022.2851386673067     
   1.0143436504622468E-002   2020.8047518164583     
   7.3276702705856595E-002   2020.9078117275212     
   8.8468809061614737E-002   2020.8312036593436     
   9.3329512855195459E-002   2020.6855359034737     
  -2.4221572443141920E-003   2017.8265724643582     
   2.1737014277881527E-003   2019.9980076020668     
  0.14284227574802208        2020.0091943744151     
   4.3962115619630607E-002   2019.9037613535586     
  0.11512407206340404        2020.8365815203454     
   4.3990961958699885E-002   2020.1755793776679     
   9.1736198686595341E-002   2020.9212220749721     
  0.13054044304974760        2020.1555956747679     
   5.2935967590037068E-002   2017.7011528317273     
   5.3863647607886062E-002   2020.6232217983295     
  0.13001845157717271        2019.5552872138805     
  0.14359338247029371        2020.4153335123040     
  0.15223929316646118        2019.5198876387658     
   8.5650658310124458E-002   2019.5604229713556     
  0.14075014178126863        2020.2131468247521     
  0.17521795492293316        2019.4567837654347     
  0.16243953079486245        2019.4245549215520     
  0.24742520955686581        2020.1472295803344     
  0.12143010471350732        2019.9922254798462     
  0.17854775355100816        2018.1099036905409     
  0.21329526853229244        2020.4698800381429     
  0.19476045266147732        2018.1084733148023     
  0.26209884257384097        2019.7938745025847     
  0.22343565173733457        2019.2041218006786     
  0.31606969524483425        2019.1859885523627     
  0.22121774195793384        2018.4732377092273     
  0.28231174862017433        2018.5708190906191     
  0.26546372568368892        2018.6550950670667     
  0.34279956277048557        2018.6773530958267     
  0.24797374633717623        2018.5457645166841     
  0.33239216726472454        2018.5527610047052     
  0.39164663102728875        2018.5127159624224     
  0.31993231508368136        2017.5070686790978     
  0.32880192530160296        2017.4811278956399     
  0.37475047448518589        2017.4892241577734     
  0.38323206065916726        2017.5552797300024     
  0.50613947962625461        2017.5564321198085     
  0.34271310358384521        2016.4092380088637     
  0.38530330775483662        2016.3971124145721     
  0.49605492130778167        2016.4228453228350     
  0.47551980131232890        2016.4764533207931     
  0.44327492820045639        2016.5945926279276     
  0.57706258451054127        2016.5616540265657     
  0.48316563547949776        2016.2600547215361     
  0.58907698873580427        2016.2347732355106     
  0.48387511234466946        2015.2148143166542     
  0.54932305531161751        2015.0876534309648     
  0.60831572136433187        2015.0693159661053     
  0.63782403039056035        2015.1243710779474     
  0.74420024158146991        2015.1131807163310     
  0.60976453517185869        2014.2792250902075     
  0.67723853942550116        2014.1108559909114     
  0.73378079736346991        2014.1229592793982     
  0.84227054598685547        2014.1088630232355     
  0.68975703628659879        2012.0799940557233     
  0.74282120993102951        2012.3778695985759     
  0.85761006971191778        2012.4468425846489     
  0.81945276422192648        2012.6910711653240     
  0.91082874489927901        2012.6508189099343     
  0.81988163985087192        2011.0065148641661     
  0.89514150532973913        2011.1977816817680     
  0.93263859365989310        2011.4227765323005     
   1.0277231140946586        2011.4201957835692     
  0.90917619555990081        2012.0647202280084     
  0.99659328570293593        2012.0882328068913     
   1.0203965174362517        2012.0659347075523     
   1.0150667167734715        2011.7171275120920     
   1.1353062982800715        2011.6582719531330     
   1.0687079876361385        2010.7426152640371     
   1.1759440468063067        2010.5895828295536     
   1.1181215345837212        2009.8598811834654     
   1.2380866650997155        2009.7718391853095     
   1.2869513004061728        2009.7737720300327     
   1.2248322605860691        2009.6966261458274     
   1.3428600851965049        2009.7457357030912     
   1.3640922490842622        2009.7034228067223     
   1.4206764907194542        2009.4654919085324     
   1.4134190116493484        2008.2943087382569     
   1.5204706964691856        2008.1674757719584     
   1.5361865204066871        2008.0716948119164     
   1.5149471083815127        2007.1451488808987     
   1.6788990304935312        2007.0836764607159     
   1.6190014137563031        2006.2738791055754     
   1.7656126880273881        2006.0022476326408     
   1.7243191164666591        2005.4296362867651     
   1.8495929269292402        2005.0689580780320     
   1.8413614993278671        2004.6869372081039     
   1.8257440876750282        2003.2548744895664     
   1.9767539780867340        2003.1014894685504     
   2.0315082706389505        2003.2551587128321     
   2.0845866773912971        2003.1558956016090     
   2.0622508549467549        2002.1830366689017     
   2.1891494351384737        2002.0920657975878     
   2.2416952755572597        2002.0728063925790     
   2.2493732988372299        2001.1588876121898     
   2.2688377622687570        2000.5150174784512     
   2.4012939881697717        2000.5791563304344     
   2.3628668300213631        1999.3217119689293     
   2.4877131694660144        1999.4610356043943     
   2.5130088838602003        1998.0782259626819     
   2.6630584214503457        1998.3398672994522     
   2.6417851410032243        1996.6233166514346     
   2.8108014117975446        1996.9380505141182     
   2.8036722067349684        1995.7654684298570     
   2.8521920193428447        1994.9921869252973     
   2.9597702526739820        1995.1629198924229     
   3.0053490331648014        1993.4925552039908     
   3.1821356427364971        1993.5201608213072     
   3.1588056322102833        1991.9535719077198     
   3.3168254505967631        1992.0906336492947     
   3.2967411052785320        1990.9434622747860     
   3.4523198414481051        1990.3989004110772     
   3.5047449598519567        1989.0677690511695     
   3.5504845172480874        1987.4726909919546     
   3.8024395073657282        1987.4681193594470     
   3.8150741665123138        1985.8869892537916     
   3.8704414654456278        1984.3642183880768     
   4.0452309474084709        1984.4834510676017     
   4.0914283970318746        1981.2529501673557     
   4.2875183408487461        1981.9721303861411     
   4.3138438700813939        1973.1888368586888     
   4.4201447206435382        1972.4876062570056     
   4.5315413267311575        1970.8468832161507     
   4.6188606358428634        1968.4542975551419     
   4.8156981295607020        1968.8127374313231     
   4.8845304879339446        1959.4568102416429     
   5.1249917072716462        1958.1153289078204     
   5.0824503913428867        1954.9204090804171     
   5.2127993550094951        1945.1412877584248     
   5.3179109073846540        1943.0661865808827     
   5.4360658160588091        1941.4397288803557     
   5.5858114434503534        1937.3419419500003     
   5.8069588635357858        1937.1677622512998
