  -1.5281636705974933E-002   1986.9436663544325     
  0.12624011868119073        1986.9436663544325     
  0.12372029477387675        1988.1127819713995     
  0.31649767665967898        1988.1127819713995     
  0.20760395427117873        1990.4051648250174     
  0.30396588934400737        1991.2308953371910     
  0.27170538356534624        1994.6344380796716     
  0.37851609944930220        1995.4567470893994     
  0.37050520378722740        1997.1837704887159     
  0.35295729298297129        2001.1453373051886     
  0.49834368386428951        2001.8518729301065     
  0.42226008504069024        2006.9684172057675     
  0.53710516025043542        2007.8650174610207     
  0.43543321417666919        2017.6642619212894     
  0.54241278205824650        2018.7224801720638     
  0.45672888759654873        2032.9154765019932     
  0.57977940986594456        2033.9053432942446     
  0.57477841877293168        2039.1907266642079     
  0.70049041167484083        2040.0838313936531     
  0.54581169328076662        2061.7531871522015     
  0.64137610333322848        2063.0148090670864     
  0.70266536249295442        2064.3781848200738     
  0.69008561054323392        2070.7879744337265     
  0.59864989213466946        2117.5246947242854     
  0.66504817186527498        2119.3211967768261     
  0.69869654421713667        2123.0191816054653     
  0.73384184875259983        2126.7125440528384     
  0.84137962364875596        2128.6689907821142     
  0.69830543152842495        2174.3692442256561     
  0.76316028192832774        2177.6842340251314     
  0.91335061064162648        2178.9541894942413     
  0.84205060863937664        2189.3804589367305     
  0.97574884439555432        2190.6634694930854     
  0.87902624164407428        2203.5817534615044     
   1.0290675466682142        2204.8030534882610     
  0.85611750079613347        2252.0038381225177     
  0.93649975959401355        2254.8890663443890     
   1.0043329723588237        2257.5103728357903     
   1.0179809679627907        2265.4785003681191     
   1.1814389192804597        2266.2725853082115     
   1.0128596557995231        2286.3497863770722     
   1.1070806895167138        2288.1575623555264     
   1.1279786222518773        2293.7892064580878     
   1.0651247452699437        2306.5155394341764     
   1.2172813081267275        2307.0342263166913     
   1.2895862605831248        2307.9434789540092     
   1.1695232115876337        2315.6718068802256     
   1.2773429009759065        2315.5584553980088     
   1.3320632834760304        2315.2510219541600     
   1.2663866342297374        2309.2737456196814     
   1.3925943575173527        2308.5128722328245     
   1.4488257301873007        2306.8496926259518     
   1.3679072491646418        2289.9785258775532     
   1.4780290308470829        2287.9568106644197     
   1.5327054634445154        2283.8041305689349     
   1.5930976366929757        2279.6983028418886     
   1.6273461511466452        2259.4906772583277     
   1.6874271230688449        2256.0480783083972     
   1.6536739260246271        2229.0174021540165     
   1.5546352091921916        1863.0653062706012     
   1.5190105614724978        1856.3299052777118     
   1.6603933229134402        1854.4510651289659     
   1.7237364422737562        1851.3384745752596     
   1.6344305455441974        1828.3282962362116     
   1.7817318071775621        1827.7672414383348     
   1.8339020998931619        1826.6300988720216     
   1.7847298443084416        1817.7842813514253     
   1.9151053182619588        1817.1490515578002     
   1.9798257206247634        1815.9651489884345     
   1.9363834550599968        1810.3596184873513     
   2.0926658498459600        1809.7939343030835     
   1.9836961273251381        1799.8677087907317     
   2.1569570064757437        1799.2180742110052     
   2.1893921460433186        1796.9058882944194     
   2.1517059922141368        1791.4768524840999     
   2.3460981831336829        1791.0363877921518     
   2.2313412960066983        1782.4743117458249     
   2.3926400349751651        1781.5203850722760     
   2.3463144738122499        1776.4867818889018     
   2.5607234232143026        1775.9507231125783     
   2.4943823993481455        1771.6125857054485     
   2.6793486029383295        1770.8782712798663     
   2.5417498822558531        1761.6420574635749     
   2.7024187638526387        1760.5161715966201     
   2.7926549393802711        1759.1697681694618     
   2.7043450032854235        1743.6560968115987     
   2.8487003567686102        1742.8527629840012     
   2.9210588377623363        1741.4541180054578     
   3.0596626055283269        1740.6959803240570     
   2.9859654214682059        1732.7642770057798     
   3.1304102101120432        1731.5994805241251     
   3.0626598753364949        1712.6170689827961     
   3.2415434563756107        1712.2886119993454     
   3.3284079005631484        1712.0477419097417     
   3.3586157741143721        1711.0787245516278     
   3.4105557954909331        1707.4497221539946     
   3.6200018782178618        1706.7967359571835     
   3.5091842237029534        1694.5192580692997     
   3.7609168372160009        1693.7875468390243     
   3.6869634014794253        1671.6518179758682     
   3.7348005402524600        1675.1515816864376     
   3.9386566260531684        1674.7328661897186     
   3.9108466345923953        1671.6441956352346     
   4.1271413549091598        1670.8683235786202     
   4.0438658080545657        1663.2341364330498     
   4.2815066364431065        1662.3382666732109     
   4.4285074941498355        1659.1000247694390     
   4.3398545266958912        1654.4561347337092     
   4.3690689230837840        1642.9303073498963     
   4.6189800071810083        1642.1417276742818     
   4.6099254575810047        1636.3544260064416     
   4.8454449538019189        1635.4361583918451     
   4.7885435277862669        1624.4192525508831     
   4.9984842424114051        1623.0433530554319     
   4.9708037385236121        1608.2137706513129     
   5.0287660600639867        1606.9643774359772     
   5.2733937263824560        1605.9954516013881     
   5.2485272746181968        1598.4860793737685     
   5.4548608028179180        1597.5868567936361     
   5.4539841263241140        1591.8681967550976     
   5.6885444141888915        1590.7884380552255     
   5.7441313809122612        1588.4306866495097     
   5.8618628514170226        1584.9793220435593     
   5.9325834159711572        1578.0065640031451     
   6.1920610005710888        1577.0253254014531     
   6.1570709178498317        1567.3854178043782     
   6.3753913236336865        1565.7602435037325     
   6.3653852349177313        1421.3011221506920     
   6.4228597153150169        1394.9569915814955     
   6.4758115527091418        1391.0532036230384     
   6.7610734640482475        1388.8928258847536     
   6.7319831927592846        1388.1542523224459     
   7.0321885399976845        1385.6763773802352     
   7.3088475636875589        1383.6417518646863     
   7.4499651279879862        1381.2328374362266     
   7.5171116003168947        1372.5315771671046     
   7.5263169331814090        1363.8105033094407     
   7.8488228057306983        1364.3104359538449     
   7.8864207814233867        1357.3995169917036     
   8.1554923015511829        1352.3244867495050     
   8.1115325715254194        1351.9847793518334     
   8.3436480100887600        1350.9852848958205     
   8.5438037892137864        1356.6542340329167     
   8.6920724251623245        1351.6895238652585     
   8.8671338136550162        1349.5098951215411     
   9.0195722197326766        1345.2053317301975     
   9.2204366463863927        1357.7843799329673     
   9.2911990922921639        1339.3825138667282     
   9.1611259405061709        1298.9166707010313     
   9.1864279864416272        1287.5058396784846     
   9.4448150937296820        1279.9141451415098     
   9.6185202222618145        1284.9139761499871     
   9.7786902010956549        1272.0913764876041     
   10.080456248699804        1272.6924117841231     
   10.196581875439952        1272.4737770313541     
   10.497621794937899        1272.5278054802593     
   10.598740942415851        1264.8202455537498     
   10.972226654634621        1262.0606275610678     
   11.234883725088560        1261.8339257826483     
   11.310604862082148        1251.3144798236074     
   11.582924418681877        1245.2669427391681     
   11.720993608761429        1201.8904036817830     
   11.969107002136310        1186.1572712327918     
   12.387442541573176        1185.9600683731817     
   12.503008063075246        1184.7813315388069     
   12.670122835960408        1159.1226838270579     
   12.910642780751044        1158.0882556264137     
   13.217918079829943        1156.6487925254155     
   13.434463789659890        1140.9794937355391     
   13.544147315073657        1157.7281944079743     
   13.793333069262880        1142.6042117436157     
   14.090673229918654        1138.0380830383799     
   14.319404447630362        1138.1102648583581     
   14.700987868353325        1134.2498711000869     
   14.991207939187797        1131.3956017640260     
   15.267599541442635        1129.7726362997034     
   15.573989543007098        1128.0841118243700     
   15.916931376537557        1125.1265162680374     
   16.195531159347887        1108.8885508745827     
   16.583825585842224        1107.4207203814688     
   16.836219169374587        1076.3832901858384     
   17.191395740019050        1075.7060288523112     
   17.560136693213249        1068.2566484481465     
   17.952329851449278        1068.0868973854467     
   18.271121653589002        1068.2614656998257     
   18.665262726370639        1069.7896393242690     
   19.011139618832701        1060.8487594704966     
   19.409150677998472        1054.7164453102980     
   19.778368803611649        1053.1303997499631     
   20.200652561995842        1052.2964506320579     
   20.618925483439781        1050.0363735173596     
   21.015097097278289        1111.4865024475248     
   21.403563770150800        1148.4683334511039     
   21.759435669836499        1141.8777646183005     
   22.207391885676639        1137.7948881123682     
   22.673653355536480        1140.7628004301948     
   23.130745440862199        1135.7898626162903     
   23.582226181670404        1133.6243844555431     
   24.032322128201479        1069.6196789977955     
   24.290980910093651        1066.5209128124109     
   24.768593768827881        1068.3536054158765     
   25.074131815371967        1095.7026917276630     
   25.585265177685375        1059.2121148369108     
   26.101334845081677        1056.6457196670565     
   26.625481017682237        1063.4667281090190     
   27.119630704059272        1007.9981396241835     
   27.429700617148683        1006.0712814543800     
   27.992089721187877        1001.7432396537392     
   28.563609452619239        993.82430058294312     
   29.149681155864656        985.30747764216142     
   29.756402661993501        982.47777644931841     
   30.374739475956844        975.48534362746852     
   31.010466416944595        982.52704501593303     
   31.604544846766913        921.99993658046208     
   32.240328826903074        1010.2690205149108     
   32.665191574494223        911.55666581277853     
   33.192947580308036        915.62550580313234     
   33.877835228443452        912.23820237664654     
   34.593417406768303        911.23732395815694     
   35.319115177867616        907.28016624134159     
   36.056584564999234        907.95834945709680     
   36.794583653066539        910.05023998476281     
   37.437871773332496        910.15063227053201     
   37.914297443620647        909.95593878896887     
   38.720997794290227        909.99527292379014     
   39.518505488241829        905.23863320097848     
   40.365439960352148        904.15438379310046     
   41.228361811403722        903.09503543271774     
   42.103097828126607        897.12321487800898     
   42.982139107857734        898.41260937331947     
   43.902505345465379        897.44213402805838     
   44.849823338941491        894.29886605718195     
   45.822219009809558        893.15849054399291     
