   1.2115068766996338        1555.2499863461153     
   1.3851322277547911        1556.5947241432928     
   1.4250870362442285        1561.4463713674431     
   1.4374391575112369        1569.1474293451149     
   1.5937523210604292        1570.3956900085163     
   1.5194521658664626        1580.9982675075507     
   1.6390585321917124        1581.6213971999771     
   1.6686509169781218        1582.8001034548777     
   1.6578194245002642        1583.4511689717956     
   1.7979880459801032        1582.7729849768009     
   1.7561847796524894        1571.3083362584789     
   1.8624965575997359        1568.3786344391008     
   1.7999588164008158        1523.3564807886985     
   1.9177892535204883        1519.8423835579081     
   1.9683178719039831        1516.3125620215992     
   1.9827595286206277        1493.4259012257780     
   2.1242676686872972        1492.2250663657680     
   2.0983972654659353        1481.9406874762508     
   2.2309387491210209        1480.8643010673925     
   2.3814371761427084        1479.6686247348948     
   2.3056933026133528        1473.5133907080583     
   2.4470247472483666        1472.0024743734753     
   2.3701726447803835        1462.5844538299482     
   2.5744845707466211        1461.4740056918440     
   2.7347072888682220        1460.0676632835214     
   2.6281212577183526        1451.2688871252685     
   2.7797320946968425        1449.6134639848347     
   2.7602338387924887        1441.0243208816410     
   2.9150390540556517        1439.8473951514429     
   2.9122050103104407        1434.3672673630449     
   3.0986085684870370        1433.4558388022597     
   3.0521232464798924        1426.2695140425114     
   3.2318370223251844        1425.1924360754567     
   3.2371400899974669        1420.5907386567017     
   3.4195353714811629        1419.6967203383529     
   3.4019776558711503        1414.2235087599670     
   3.6026673732951795        1413.3172388696742     
   3.5958748956037208        1408.5497682010148     
   3.7157493040170810        1406.0032007644090     
   3.7272261866414311        1402.6097367716409     
   3.8394041317314889        1396.3473394552141     
   4.0714558586496139        1395.9478884175242     
   4.0698105382769434        1390.8918129655904     
   4.2564489267608607        1389.9330565592059     
   4.3232208579049480        1387.0326502828088     
   4.3825792884020682        1382.0388626731656     
   4.6121860036166966        1381.0536107949115     
   4.6344272030992917        1371.4501116697688     
   4.6991079598275167        1365.0965455261166     
   4.9233937524826699        1365.6254681676924     
   5.0172937932764681        1364.7423187736854     
   5.0969843536767323        1360.1836981697109     
   5.2367548532060333        1357.4888071095884     
   5.3622719664670875        1350.1214157138668     
   5.5037562717453916        1349.8351189310672     
   5.6302555156712266        1347.7204029580491     
   5.7628916321461121        1344.5898775762134     
   5.8926136821940807        1340.8738447270030     
   6.0488329742699536        1338.6372959087907     
   6.1174141579040846        1334.3165402033160     
   6.3351774320528147        1333.7801597108587     
   6.4251082249686462        1293.1500917611140     
   6.6015330578793341        1323.1628757586325     
   6.7110292202649164        1318.7816759388468     
   6.8574094159277292        1314.9569786807067     
   7.0924916390627608        1312.6733393497061     
   7.2221240184725097        1295.3669866142527     
   7.3313706078677008        1288.2782588167724     
   7.3658022314117879        1164.8869302310477     
   7.5301278305945338        1163.7774089477239     
   7.7565470518353976        1160.8360528882806     
   7.9186834789286760        1144.0753936063134     
   7.9687012303931652        1140.4669983501929     
   8.3134262769347451        1138.4767620774280     
   8.4594597285155029        1131.8510860343738     
   8.8104558122537107        1131.2130727920016     
   8.8624198018236697        1122.7238725513009     
   9.1160486577749165        1116.3188530736054     
   9.3472730452848509        1115.2942566387846     
   9.5682396205533422        1111.8919934576641     
   9.7271793911685283        1103.8800238131500     
   9.9908733184957654        1101.6278291461749     
   10.265125517347320        1098.5051979423758     
   10.448354288304285        1094.8594689248716     
   10.713446267463707        1089.0500900944053     
   10.949998501170642        1084.6640300220060     
   11.181996712882979        1077.0474627848732     
   11.502681706360827        1075.1877441177062     
   11.801690622227495        1070.5855194515038     
   12.075664201851362        1083.9327940961891     
   12.394162050406859        1080.7151774556703     
   12.643577896797689        1074.6535378869200     
   12.735513039204600        999.70403135714776     
   12.995356963533485        997.51005238574965     
   13.324750645676669        995.53439225985085     
   13.649775475941263        992.19970831138630     
   14.024239439653945        989.72525264996295     
   14.237733647693819        983.37240111994697     
   14.548389186184632        992.20358290373974     
   14.874494731604509        988.14414094947540     
   15.229106258290280        980.75287263051769     
   15.606373268472499        975.80339950948542     
   15.979988780917278        970.50261350189510     
   16.254436552324105        955.74948346218446     
   16.651084071378211        947.55619949741015     
   17.080358986084200        943.88589344262220     
   17.506085111715475        940.24129547352572     
   17.877838759461579        936.02860366134962     
   18.303137429201996        934.86581238825352     
   18.704254783474116        1013.8837470452364     
   19.064116233960775        915.45204465810775     
   19.466959040973517        912.70713307402696     
   19.923130936926885        915.47921741513915     
   20.395920328104516        912.60323886863614     
   20.841137554002156        914.87394326102037     
   21.298782019020017        913.38266306879279     
   21.832224779477755        911.50074677999817     
   22.376737235060052        911.13507972649040     
   22.933393413002364        909.16400207024128     
   23.503132297049493        918.70271633140214     
   24.085110696256798        949.17256829056055     
   24.670355762763950        869.99903266450121     
   25.260171758703713        857.88538999392222     
   25.872770262634873        937.77480529881848     
   26.503263865761923        902.52273418093023     
   27.147947936185624        898.00578259894428     
   27.806242406400621        884.22156740517744     
   27.935397126677156        924.43785418682114     
   28.524045803101380        899.45264301577947     
   29.219554443880419        880.13004016882644     
   29.899320763980167        843.39743130242402     
   30.612596099087138        840.79078916076480     
   31.291716304884073        804.39146759935863     
   31.868111953359591        809.33674980255466     
   32.176585821083030        816.13328910937298     
   32.996224145110332        814.94439606636593     
   33.827126108582277        813.68444470547649     
   34.675417754189539        812.42317073865718     
   35.544704178962647        809.43376704360401     
   36.428833880396652        815.08700722248989     
   36.690129386137798        773.29547019666938     
   37.481177725503237        770.99980474323070     
   38.441583275837601        769.92672345340884     
   39.429996710074100        768.88137909514501     
   40.444447701314203        767.79539467216432     
   41.485937493219538        766.68594573114524     
   42.556577191647776        761.91862592943392     
   43.651521740122838        760.75371218248688     
   44.774918179393815        761.52714427220963     
   45.902725405703393        758.15391960463387     
   47.004430850200173        752.92521871621318     
   48.222329584425310        753.37077813177825     
   49.469176679974098        752.76592392655857     
   50.727022534886537        751.58208083061675     
   51.474730272487626        812.89136569399579     
   51.878220855692099        753.54059958695393     
   53.230849118118620        750.69354249984747     
   54.617595762363408        749.60213289251760     
   56.036769374123338        750.68246674835814     
   57.413588250875243        747.65072899636550     
   58.906156950646810        746.47533189822229     
   60.428920668698765        745.62406015995680     
   61.934102954994231        727.62260004983034     
   63.486252085922402        726.69558479756699     
   65.134040085093275        720.89996314035409     
   66.825255772463990        713.97950775473839     
   68.415731477098490        790.68656238188760     
   69.966585575388891        809.26137998338709     
   71.789497828099954        824.30239320306384     
   73.658871971646761        843.67609485551600     
   75.591771896304991        842.15376487102594     
   73.880917867932311        860.70816677296796     
   75.850888614686667        731.60186323277753     
   77.886432358495455        693.97025485208746     
   79.972385410890851        729.61235877004992     
   82.130906330341631        718.83911068883174     
   84.357096922428582        717.88523460039357     
   86.640452571792721        727.19549132292627     
   88.939589096082400        793.12934169917548     
   91.364485325588845        797.92377750298431     
   93.862445144128955        792.64857561392500     
   96.434090955259478        791.41410887887002     
   99.072971015759578        790.15400262359913     
   101.79662250331901        833.00661531469996     
   104.58996134475220        828.40781807514315     
   107.46220906380854        827.35185880132371     
   110.41488861553718        825.80343015409755     
   113.44820300576352        807.62983649319403     
   116.52746196971205        806.92278850293542     
                       NaN   721.41866200881964     
   113.11597924165773        720.17082915769504     
   116.18987284011642        716.34729455280092     
   119.39454656689564        720.50918837237475     
   122.68953828807328        718.95062466159970     
   126.07469840180839        718.75389829947744     
   129.57408373615593        717.52983677179452     
   133.17224052028013        715.71325279916687     
   136.89122135894794        715.74277669753701     
   140.72577951392813        714.47174511886965     
   144.67520502435815        722.10779481106715     
   148.73666633571992        720.92640457962705     
   152.77557991042283        796.11714678283283     
   157.08606248878021        817.71635359099525     
   161.54268462615181        871.58738573321091     
   166.13950969739852        863.59611067618278     
   170.85676343779622        861.45029276039349     
   175.75922371427751        844.23631761752392     
   180.81268593477063        705.03024590283530     
   186.00480920647448        738.26898140874482     
   190.33145004206256        777.04579851384767     
   195.79562582124936        790.78923911081677     
   201.42975664666761        799.91429685128958     
   207.22210512739338        702.64939769762555     
   213.22136407233447        699.48281534261912     
   219.40731547193874        706.87191105371846     
   225.77122535144099        709.25746423618966     
   232.35027739334259        703.64072913259292     
   239.07794820384416        707.29128539237377     
   246.06600176519996        705.11227391041234     
   253.25948477331167        711.07100011703255     
