   3.7522123923185360        1230.9022912527039     
   3.8752802100308692        1232.9276735884730     
   3.9501398228893527        1235.5555120959134     
   4.0411518299170419        1233.9675976534322     
   4.1420235521919455        1228.2101298963630     
   4.2969993292449509        1223.6059037680332     
   4.3426704249386354        1143.3236939498831     
   4.4985978658960990        1144.1009287547490     
   4.5916154558707314        1143.2120767440899     
   4.7935112371275741        1141.7561144348094     
   4.8421533908317329        1135.8832262632250     
   4.8641307604774688        1126.2079756781911     
   5.0397933779986976        1116.3367874118708     
   5.2882273883689912        1115.1441044773503     
   5.3371939514709572        1109.0565095562715     
   5.6312003371889494        1106.5265020398585     
   5.6211269838782751        1100.1436585751565     
   5.8026305741390152        1097.1405267080270     
   5.8488706479735830        1093.0793192612600     
   6.0439917327993502        1087.9528505900589     
   6.3088350692884489        1087.1161113987744     
   6.3698004177182144        1077.5245108604952     
   6.5504528623422100        1076.4553546956440     
   6.7291431965393711        1074.8957074109098     
   6.9174868930696096        1072.5375771123306     
   7.1106222199921527        1069.9257503050883     
   7.2301299461597681        1067.4152241034406     
   7.5137422688710833        1064.2777541346952     
   7.6422838049992530        1061.2478565747958     
   7.8694086400673537        1058.7312371132148     
   8.0989001900208208        1056.4618829799697     
   8.2602104617208223        1047.6834291545083     
   8.4289030471125610        1045.3923742203317     
   8.6295104531189448        1042.4585059935616     
   8.8168664008703921        1037.7583629370986     
   8.9900093342787617        1026.5311941565301     
   9.2832114932428400        1025.9329499585706     
   9.5262225838868488        1021.6235229240892     
   9.7596766156632704        1016.9712151404024     
   10.009177353281627        1011.6622070048452     
   10.274719657819606        1007.8378794019970     
   10.460408802317410        990.64554508831782     
   10.736506297801276        983.50442724721768     
   10.951593819539209        967.98482930861803     
   11.247472773440748        955.45411737209190     
   11.497528509977816        949.36047106696151     
   11.703198494719818        951.33615209239429     
   11.984930028855057        948.41603930601048     
   12.331085978074848        944.60163679275229     
   12.670155303189620        941.16352262189287     
   12.921878520072084        936.85813652752313     
   13.201024498218189        915.46137389578951     
   13.530433376035537        919.72721934470133     
   13.864248196979460        911.28121077031096     
   14.215461642581699        915.36001195769450     
   14.579641094071748        912.66765976814918     
   14.953319191525148        910.28121706865056     
   15.289129718797982        907.39185403157580     
   15.680349313997434        882.67197497817858     
   15.975313562346036        903.92411910427381     
   16.174036227671458        856.65045910179902     
   16.421129275009960        853.39258619599366     
   16.821306389413387        848.86407103704516     
   17.129579082776754        808.39602579177506     
   17.370471722108626        812.82303043939100     
   17.816705659215291        809.53024565614032     
   18.267819298014469        806.29898639269504     
   18.732346809481054        808.12478351056404     
   19.207638568035676        804.84375250026289     
   19.694455153584606        801.54035538913581     
   20.170690761953654        810.85972214223057     
   20.662423834304022        809.22539420981445     
   21.192407367103687        805.50816134831632     
   21.727474605722374        800.61998961153154     
   21.871028660470198        809.26249422831154     
   22.374776978250971        767.20173414525652     
   22.933317413009817        764.36397192506490     
   23.522719540060322        764.51972448736183     
   24.084559213168959        758.00707880240884     
   24.555510439886771        753.60938130452178     
   25.190847741271813        749.82356551923453     
   25.853844185587185        744.73314165969839     
   26.425736684572968        729.24474055282212     
   27.078068146897305        718.30205431331194     
   27.747424348605399        715.88945393520032     
   28.476099076516185        708.11950098828095     
   29.219844092849048        705.50498204088296     
   29.981737561027174        703.09911694350058     
   30.767043889677911        700.87731272601354     
   31.564871917262725        698.94152474201758     
   32.185492273026227        688.27239148950889     
   32.990715149325261        718.38725134545041     
   33.851147003520204        716.08056703319721     
   33.943087220814050        648.66551486501180     
   34.279088264974156        647.63045098569251     
   35.183962583011038        648.63065709430066     
   36.110144217324162        659.16168313385572     
   37.013264302392287        647.50057712474427     
   37.704398832688760        646.42703043577035     
   38.710077449214147        646.75956045474322     
   39.745838459419723        645.64813318790891     
   40.805789993950071        644.48894897230491     
   41.856181039581273        641.14895267598718     
   42.879326833854037        634.96809099880215     
