 -0.13951091878433824        3325.5185799337783     
  -8.8632176967704521E-002   3325.5185799337783     
 -0.13069452816492186        3326.0253329787474     
  -7.2878231940899457E-002   3326.0253329787474     
   7.2881169225615314E-003   3326.0253329787474     
  -9.1688179930102809E-002   3326.1225584762497     
  -1.4668552877000127E-002   3326.1225584762497     
   8.6708048175399760E-002   3326.1225584762497     
 -0.13609065215222066        3325.7665138076923     
  -7.7766123224347131E-002   3325.7523970218267     
   3.3981155779309415E-003   3325.7523970218267     
  -7.0778323505603674E-002   3325.9504782610697     
   1.5381965684653241E-002   3325.9656172470109     
  -5.3245202905253919E-002   3325.5996118064927     
   4.2824237793689136E-002   3325.6063347037702     
  -8.4714067076149702E-002   3325.5998808818058     
  -4.3098248994071127E-004   3325.5998808818058     
  -1.5452181233868245E-002   3325.8578940863590     
   9.6615459194027573E-002   3325.8576514013121     
 -0.11629268958849651        3325.3452990158612     
  -4.4118522330211303E-002   3325.3452990158612     
  -4.1168767918343334E-002   3326.0190265680385     
   6.0975456833138181E-002   3326.0190265680385     
   1.6315895599415282E-002   3325.4788102990983     
 -0.11170358018168791        3325.2956770917749     
  -3.3838233607464144E-002   3325.2956770917749     
  -5.3133280667135512E-002   3325.8803732247388     
   4.7873626574066595E-002   3325.8766658371678     
  -4.4873049017910491E-003   3325.3636871582275     
  0.11555851942930841        3325.3769942655354     
  -1.6431484511822365E-002   3325.4035295302415     
  0.10191422978245254        3325.4047968316131     
  -5.0736972200770530E-002   3325.5138873020255     
   5.9572290787800540E-002   3325.5138873020255     
   9.0847251848400604E-002   3325.6124137432971     
   9.2735909698045405E-002   3325.5695973559314     
  -4.0972831047550035E-002   3325.4865065626573     
   7.3495450992405009E-002   3325.4865065626573     
   4.9081847776775676E-002   3325.5307598934401     
  0.20023707788900696        3325.5307598934401     
  0.11999275611135939        3325.4975242836208     
   7.6536972301729150E-002   3325.5160404810199     
  0.24456179415231050        3325.5160404810199     
  -7.8781574815750405E-002   3324.2305221933980     
   2.0178243873390577E-002   3324.2372109862386     
  -1.5199775759271323E-002   3324.9108605768838     
  0.10896544690073644        3324.9108605768838     
  -2.7991564324590316E-002   3324.9929398471586     
   9.4011099163156142E-002   3324.9856725201130     
   7.4349870949753469E-002   3324.6561264568745     
  0.22891457413829977        3324.6561264568745     
  -8.9804087994840194E-003   3324.8667082213506     
  0.12265693507865898        3324.8667082213506     
   8.2256124871537897E-002   3324.8258363899090     
  0.24530775246609110        3324.8300759000390     
   2.7126398971658954E-002   3324.8888138921234     
  0.17285972967649202        3324.8828007256420     
  0.14502900645097233        3324.8612028875355     
  -4.9992143731146327E-002   3323.2156837246989     
  -2.0739032264632133E-002   3323.7667512821395     
  0.10862351460629469        3323.7617997204247     
  -1.5207664220634637E-002   3323.8313208568798     
  0.11840624444966236        3323.8310749526577     
  -2.0513188366228412E-003   3323.8503791116009     
  0.13896468147382432        3323.8503791116009     
  0.13632606798388922        3323.8595705053972     
   2.1406341841911456E-002   3323.9363510051057     
  0.16892180129380738        3323.9443888676547     
  0.15655070842578078        3324.0182670595700     
  -3.7169914283653516E-002   3323.3781690198580     
   8.6748381680073636E-002   3323.3781690198580     
   3.9547740608056096E-002   3323.2906116294271     
  0.19394269290726823        3323.3099613870841     
   4.8717450620828120E-002   3323.3563976104019     
  0.12448912732001505        3323.2804932112335     
   4.1801630089710447E-002   3323.2437625297093     
  0.15158723803862931        3323.2872142532447     
  0.16983756012487103        3323.3090428035466     
  0.12438446767393271        3323.2961194431450     
  0.31925489823933878        3323.2961194431450     
  0.17296051076318045        3323.2881497897852     
   3.6153017310445283E-002   3321.3398804067610     
  0.18992789983755495        3321.3398804067610     
   6.4959108232163582E-002   3321.4548959630174     
  0.22663411072304521        3321.4900976303365     
  0.10483604431146708        3321.6262695412174     
  0.28924382703207335        3321.6262695412174     
  0.10554121425501109        3321.6828994082475     
  0.18175433612222600        3321.7456794466102     
  0.20078693672527856        3321.7388790279697     
  0.41929732601008257        3321.7394785257579     
   6.0043650706677464E-002   3319.7254815075207     
   5.4425456745227856E-002   3320.1668319196529     
  0.14583231116914303        3320.1642594419318     
  0.15532532148541295        3320.2004898207110     
  0.36549114869662802        3320.2004898207110     
  0.15490971067172199        3320.3144550707966     
  0.22188335413213722        3320.3026455685208     
  0.12994861994104098        3320.4540228408869     
  0.32701858329001193        3320.4540228408869     
  0.28002074680489292        3320.4529167754222     
  0.29745316123030308        3320.4141674744496     
  0.13933310659071177        3319.6777507897591     
  0.18076346829227000        3319.6345106684921     
  0.21386246719391253        3319.5125604716695     
  0.44168607619098915        3319.5106105887821     
  0.27777717224521076        3319.3849847297415     
  0.37877393804082643        3319.3880994931842     
  0.17002079443466422        3317.8963658763587     
  0.22943025125699607        3317.9327524952323     
  0.20787845189287338        3318.0150175415147     
  0.31882316997777999        3317.9192059873922     
  0.17366944734234943        3317.5047786654586     
  0.39187355120318546        3317.5047786654586     
  0.25988563840041262        3317.3599226795614     
  0.25256265249728244        3317.2018596970206     
  0.36753886589581225        3317.1496495455312     
  0.32142695570593355        3317.1198316855871     
  0.44640273385089574        3317.1077871495422     
  0.24906780915468191        3315.9637207201731     
  0.33161568998361790        3315.7989480266524     
  0.31979179951601899        3315.6240566744823     
  0.44295724405117892        3315.5825418717914     
  0.38292772487193183        3315.3831759102900     
  0.49119484428311522        3315.3277208671434     
  0.49381802146559373        3315.2657411395612     
  0.32712900232348208        3312.7194631498614     
  0.39500266494848518        3312.5117242273432     
  0.44096102898902378        3312.4250961335970     
  0.42774672442841788        3312.2449815504351     
  0.56741075459936341        3312.2018338291118     
  0.47293527908310429        3312.1238637340994     
  0.58302543218511815        3312.1529186034240     
  0.42571742751025937        3310.5702293198547     
  0.46418153652934041        3310.3137391021614     
  0.59260448213785777        3310.2169525391582     
  0.57554758333062772        3310.0568033452705     
  0.62283892263444174        3309.9594060966133     
  0.57034134798824887        3309.7231144330076     
  0.67881818396443705        3309.6356012412302     
  0.53172089451561666        3307.3215692380390     
  0.57537729144877015        3307.0979571120952     
  0.73022955399914435        3307.0523452570169     
  0.69458476815596948        3306.9226003682684     
  0.59838128548231229        3303.5768684648970     
  0.72476241711561340        3303.6363336671993     
  0.71702665368364049        3303.9378862585631     
  0.85882023675823616        3303.9684904705368     
  0.65909991208846808        3302.1271784611990     
  0.76991428927799255        3302.1848309930424     
  0.79092611786633316        3302.3439643782849     
  0.79717931053519808        3302.4360444382560     
  0.83129582083152820        3302.5327431218329     
  0.78038680154748996        3301.6419252332039     
  0.84012240934107130        3301.3187252925486     
  0.91487452467581987        3301.1567215842138     
  0.93813193895591707        3300.9891884982071     
   1.0978383248829582        3301.0040041417064     
  0.97334117259715947        3300.7397341911519     
   1.0849561647992556        3300.6420670873986     
  0.95130500312314803        3297.7280182544123     
   1.0354541233369976        3297.3969968142023     
   1.0891965736650266        3297.3123686344843     
   1.1122645337262178        3297.3380000768043     
   1.3111077739657524        3297.3745221468680     
   1.2628494536924304        3297.3540614869471     
   1.1292562158915587        3295.7095922882686     
   1.2069038032038031        3295.3268303404011     
   1.2871494418030012        3295.0881204420689     
   1.3068981505712940        3294.9670331582970     
   1.2177977989957662        3291.5986578079137     
   1.3271118013998568        3291.6384874162063     
   1.3681819005551479        3291.9077121840605     
   1.3171451980980586        3291.3169738549486     
   1.4130814595561054        3290.9941079337482     
   1.4949703601615405        3290.8994520351598     
   1.4307094167744550        3291.0841741511840     
   1.5250982615766173        3291.0774180845879     
   1.5261248249927233        3291.0950527089426     
   1.5189445230293315        3291.0864890999242     
   1.8014498898290461        3291.0488163337500     
   1.5771793107039047        3286.8800735077725     
   1.6970521504923726        3286.5956401098147     
   1.7404931759725897        3286.7475718117958     
   1.7992826323228488        3286.7819426885922     
   1.7379983466162192        3285.0001549840758     
   1.8516072777767636        3284.5196937279561     
   1.9402767956002323        3284.2206448862617     
   1.8484105479415127        3279.8569260165282     
   2.0469255218898987        3279.7910869442671     
   2.0325564759650643        3279.6326438559186     
   2.0036852940621341        3278.3522279118906     
   2.1608280561772384        3278.0795281023038     
   2.1103719779205341        3276.4482977898879     
   2.2874927969313319        3276.3243368256835     
   2.1644118585803693        3271.1640141622606     
   2.2808528598098716        3270.6647121713240     
   2.3469863963958910        3270.7705858486283     
   2.3072836530050425        3257.1785638968540     
   2.3577263949253848        3254.2550761698049     
   2.4399601704120339        3253.8319792708608     
   2.4713544172218098        3253.6221651332189     
   2.4387188101501915        3250.0259232411227     
   2.6144415325854067        3249.7054469645286     
   2.6905201399202743        3249.0283486742305     
   2.6560036452913689        3245.3044097814914     
   2.8101875311097984        3244.5544246677669     
   2.7282167537462327        3238.0756049567344     
   2.9029732088991138        3237.1332700922035     
   3.0008849881788402        3236.7369319602581     
   2.9505633781836247        3229.1635544565138     
   3.1028150027927746        3228.5429414629243     
   3.0574983894833787        3222.0828117431206     
   3.2451680820036093        3221.1053577311536     
   3.2399358141807384        3218.1131776534967     
   3.4365611289917957        3217.0802295756853     
   3.3409435033910082        3207.8856518705143     
   3.5190886743100132        3206.9594153141338     
   3.4516394998328472        3169.2123621173118     
   3.4712503901636924        3159.2071850375187     
   3.6062182490029198        3159.8488921027938     
   3.5999959903655507        3147.0052737003448     
   3.7513235072952535        3147.6513899092465     
   3.7881118523835977        3121.1127289483102     
   3.8526081159681911        3117.2325185522473     
   4.0851898223671776        3116.0846928329938     
   4.0364649211665737        3109.2576342535103     
   4.2448499488656175        3107.5680730274075     
   4.0769464831916595        2840.3892137139446     
   3.6251401256927185        1609.3426045461740     
   3.6154747053370291        1607.2552273770796     
   3.7756566074905846        1606.8489918767673     
   3.7392842773124344        1601.7900303863837     
   3.9085313643236055        1600.9924258314677     
   3.9769426728193951        1599.3561671845407     
   3.9445494026228274        1591.5676679306348     
   4.1429385017139637        1591.0785766010233     
   4.2393713935254622        1590.3389336337605     
   4.2442493472662415        1579.1333057858537     
   4.4349681962880476        1579.2127832141855     
   4.4524746494966116        1572.5383730351921     
   4.5395902376272392        1562.1268004129231     
   4.6703363011526671        1561.6546514529825     
   4.7207056555635862        1551.7624101665499     
   4.8389203665120073        1553.3927457396305     
   4.9100946305360358        1553.6031468774590     
   5.1581339513465174        1553.1085615710081     
   5.0849066291139948        1547.5991164784521     
   5.3042676645993696        1546.1713800479522     
   5.2533717187614135        1534.6666155259629     
   5.4722068140635463        1533.9451803124668     
   5.4972377148818774        1529.9664875432270     
   5.7570181735006258        1528.9021986568641     
   5.7566479261898129        1524.6480334514613     
   5.8239572464930367        1502.8879480673208     
   5.9589336292537878        1506.2659378075459     
   6.0269932565073123        1499.6213779333934     
   6.2757379673536748        1499.2344522611916     
   6.2624145217971856        1488.1388997790109     
   6.5368632394297963        1488.4422196047781     
   6.5942209990530296        1487.4880451569215     
   6.5952700174110772        1468.8990559105530     
   6.9260500610665474        1467.3729567721102     
   6.8823546533987656        1325.1568131509862     
   7.1148774812617104        1321.8581323554642     
   7.0918543708099913        1381.5860483999772     
   7.2255777705124942        1374.8738766925342     
   7.3273313238544064        1368.1866182670942     
   7.4643804816911539        1364.2179836238035     
   7.7503887802877900        1364.0087807121968     
   7.7320207683405791        1349.8437273296615     
   8.0223798153286481        1323.6622865446834     
   8.2216440508952928        1322.8810786395743     
   8.3884597357573636        1300.5598692862368     
   8.6248508503734165        1298.9208574754628     
   8.7875822783824447        1307.8665987295469     
   9.0344714973074449        1311.0449773132339     
   9.0170651326532347        1296.6836649267252     
   9.2364887796110278        1299.0077312573412     
   9.3993453218511114        1302.8972214336272     
   9.6480960293263180        1335.2848550052756     
   9.8234847199949868        1416.8132176390602     
   9.9971823430433986        1390.4555660501808     
   10.144911530247983        1405.8803044796407     
   10.330390977087323        1403.8180783190357     
   10.692804081187878        1402.6143739918248     
   10.708113786609761        1334.9981732862607     
   10.867496581030428        1329.3078949330504     
   11.135140626571422        1265.0335319093324     
   11.263663547606914        1298.5666384097685     
   11.505467759683350        1301.9375919213571     
   11.711230827612836        1261.4524709940681     
   11.919414298340699        1260.5612048000401     
   12.143673790546600        1227.0417582954801     
   12.418708128467442        1226.3488695404237     
   12.672860783009613        1220.0384708897759     
   13.057616803830017        1219.5309689823571     
   12.945607193964587        1157.9219337242373     
   13.310224183520427        1155.9645671571686     
   13.515070332600859        1149.4840929942036     
   13.817177801622448        1147.2439064264265     
   14.106958947301413        1135.7097071313742     
   14.371167302043954        1123.2478557483291     
   14.795873913056278        1119.8711973596676     
   14.998256723974349        1112.6383370052083     
   15.197096409803516        1080.1948761387084     
   15.360293272419783        1079.3446753293590     
   15.652269482883048        1077.4527410025885     
   16.016365147560009        1069.8958384789166     
   16.231425008490870        1051.9516061663128     
   16.608553556044754        1049.9892241835096     
   16.920777480855357        1047.9807639056310     
   17.332947928351054        1045.6028261231706     
   17.606617676792215        1019.5440706531451     
   17.963126628125284        1001.0480379218302     
   18.323533095953792        998.23860018388837     
   18.732053200153157        983.77239733314002     
   19.116739016320548        977.61891052697206     
   19.533274591028235        988.10797039511101     
   19.929146955451198        973.57437590135294     
   20.341696542766890        965.95032573939204     
   20.599005766933399        982.29133704300216     
   20.788931283755218        981.61364221157964     
   20.832128084136269        991.38875366458478     
   21.076332333420762        969.95373299827941     
   21.457210036099408        970.29106137713472     
   21.857450894425767        972.88834747020849     
   22.327098399125706        970.61914615867704     
   22.702505084404510        1004.0596088479576     
   23.147509404936734        976.45759120857406     
   23.483819170292680        992.79974725247303     
   24.007190434692834        988.80605943690034     
   24.333071767886860        981.20309631021644     
   24.861906545898176        973.97686092806077     
   25.388859538178718        972.74694477020694     
   25.886994020862307        970.89846853971733     
   26.456697862028889        969.24660707896192     
   27.035136583081286        968.50467324660622     
   27.605373411761398        959.58765031330836     
   28.189617828645289        943.25275339441384     
   28.799250438246890        936.41517571210522     
   29.409769400457364        905.57587703243132     
   30.023960853866981        890.98014235696849     
   30.530239388800716        880.36393228806162     
   31.053301433514534        881.71080396929051     
   31.743403115169446        879.25768979451334     
   32.443490312702082        878.10792822806468     
   33.151692202759044        876.96111007595619     
   33.880295890935010        875.56476374150157     
   34.625561178586622        874.40733366160373     
   35.385017045128308        873.25152838168879     
   36.163735204912406        872.14180059558396     
   36.960308375695263        871.05062733932562     
   37.745285235521784        862.69644499635319     
   38.571326833046179        861.76345470696344     
   39.169041435802733        858.78290111048636     
   39.938082996736647        857.78921098428043     
   40.822083321994114        857.98158922589005     
   41.727123301980512        856.93991072961614     
   42.645777605001008        855.85772658260532     
   43.587068994601431        854.77781671113655     
   44.512130084772124        858.07449390011061     
   45.428219466779737        856.75767258611450     
   46.421779093991951        846.12649866454024     
   47.437511736155194        844.77268201510230     
   48.476454485566876        846.83227199247267     
   49.529193517975372        840.16081182301571     
   50.622940962102412        839.16651233376672     
   51.733298645042986        839.06051693746247     
   52.855636462892683        834.89969341021663     
   54.004618533725555        833.08419049417444     
