   2.4159140147474947        1325.3804440794620     
   2.5613640226213690        1328.5457708474980     
   2.6123557181131543        1338.6853882594339     
   2.6548985771256319        1352.0992052886472     
   2.8227442183124456        1353.9288462329484     
   2.8519576383754131        1362.1047656766727     
   3.0218150878091423        1362.9446068280326     
   3.0165457373004019        1365.7590898085575     
   3.0859968078464370        1364.8962079591863     
   3.1468260791680116        1362.3015374792944     
   3.2511290315304278        1356.5940471857878     
   3.3405624051950653        1348.2907631341880     
   3.3879181117382577        1325.6808075309593     
   3.5626077037137542        1321.2660354314642     
   3.5176783233592688        1238.3377758818956     
   3.7064307099012694        1240.2083343905031     
   3.7813579970930018        1241.4480372107598     
   3.8341446927903560        1238.1575611462631     
   3.9114804324983212        1230.7109925308851     
   4.1277235563435832        1229.5055498473951     
   4.1530098593588738        1223.3930910309973     
   4.2697602245764825        1219.1380282971049     
   4.4120309602406893        1214.7691864735721     
   4.4700782514961119        1209.8502210555482     
   4.6284951826314984        1206.1614581946856     
   4.7075701771842562        1201.9552889712763     
   4.8177716581487493        1197.8661892773100     
   5.0081833705606620        1195.9716087181896     
   5.1450456326120717        1193.1365577245153     
   5.2430721932299367        1189.0361388228853     
   5.3692635780716911        1185.3666423086393     
   5.4926527000707610        1182.2057368432495     
   5.6870287798845798        1179.2336849028150     
   5.8003964028077153        1177.0883505993838     
   5.9578811055664387        1173.3343533717630     
   6.1119747720709681        1170.2545850989452     
   6.2822394509817183        1167.6660522054949     
   6.4469877034170731        1165.3823064670989     
   6.5874077796794639        1161.9777824340215     
   6.7541148394042656        1158.7766036589699     
   6.9440712076626125        1155.8322748046423     
   7.1219068398253240        1152.5596248863096     
   7.2969334149970697        1149.1650106509885     
   7.5025801358843696        1145.9464165923837     
   7.7162405443883353        1143.7695395247035     
   7.8735550698593730        1138.0281710414226     
   8.1151946610651358        1134.7515134853570     
   8.3019805912454210        1131.0130449850924     
   8.3937984061213431        1125.4218451277047     
   8.5775299604946262        1122.4050311637707     
   8.8223272009724933        1120.3877353053388     
   9.0593077152310109        1117.4397729121195     
   9.2987375305831375        1112.3997935960838     
   9.5460315859136919        1108.2241711070851     
   9.8065357929309585        1106.0479977203036     
   9.9934047204571606        1085.4184776908585     
   9.9479404488713161        945.04867830021078     
   10.168499929642950        937.92601155892237     
   10.382383540333112        933.08047342125769     
   10.729833576334865        933.28456648499582     
   10.792311905007242        927.10867519995986     
   11.048607883194634        924.88567072977423     
   11.261257875038750        920.49745615705535     
   11.570650450023038        919.70949657806705     
   11.862864960421058        914.79341484978920     
   12.225258320065185        915.95299596833604     
   12.508853718848341        913.00651311073716     
   12.817081769689549        910.42154559689209     
   13.160261585481301        903.86490745313165     
   13.415556663757352        900.08833984148225     
   13.688348596857738        911.72684704876974     
   14.035769664893945        908.07938610155202     
   14.397826815059080        909.21046354958617     
   14.655432365564739        892.92259841953637     
   15.042403401556379        885.25938468100264     
   15.336190065647848        890.97567561808330     
   15.733156347632754        894.49494460174685     
   16.131702545771162        890.26913443046192     
   16.539783676636333        880.20733197132870     
   16.959705372741993        880.61644946582885     
   17.385274422827951        883.13918586463376     
   17.820502000906476        872.26003012982892     
   18.266581317448360        865.48390872754840     
   18.550458358127077        851.36842741082387     
   18.990438701110794        852.28982549320756     
   19.462350988523472        849.82555141595060     
   19.941772766390621        847.08264435052331     
   20.404405779784145        847.62659852182901     
