 -0.13460868169604581        3701.7476997557387     
  -7.9128358920656894E-002   3701.7476997557387     
  -2.0916942838080529E-003   3701.7476997557387     
  -7.0741685574999658E-002   3702.8040086867986     
   1.1654152084526415E-002   3702.7987945014434     
  0.12149007756203022        3702.7987945014434     
  -9.2127623773025677E-002   3702.7625876769671     
  -1.3482080580389261E-002   3702.7388748998424     
   9.0347289401566777E-002   3702.7388748998424     
   2.4789137825703540E-002   3702.6241441724183     
  0.14622851790248784        3702.6241441724183     
  -9.2622603490679092E-002   3702.2531146999318     
  -1.1727342244005271E-002   3702.2531146999318     
   9.2112147014027451E-002   3702.2531146999318     
  -1.7390691918733072E-002   3702.2910101431376     
   9.1124981875517166E-002   3702.2660383433281     
   4.0348134727882417E-003   3702.4740065694114     
  0.12175488288520785        3702.4740065694114     
  -3.9367280810560235E-002   3702.4845816313946     
   6.2682218405519741E-002   3702.4631133607427     
   4.6582398295286820E-002   3702.3559916321237     
  0.17981850542624056        3702.3559916321237     
  -8.5083183993729689E-002   3702.1854712086315     
  -7.9364254524809774E-002   3702.1565189850053     
   1.1908750195963233E-002   3702.1565189850053     
  -2.2657584308000689E-002   3702.1372467555680     
   8.5064691285847330E-002   3702.1332717491191     
  -1.4008806563136498E-002   3702.1052693999977     
  0.10382047215901602        3702.1052693999977     
  -2.5198630236374128E-002   3702.0898057548602     
   8.9149681417485332E-002   3702.0898057548602     
   9.7689550221441268E-002   3702.1299043422196     
  0.24562632064889428        3702.1274744835409     
  -6.1470795637913953E-002   3702.0824045396885     
  -6.7576563385868635E-002   3702.0398861079066     
   3.2766893415605264E-002   3702.0398861079066     
  0.17010340395203882        3702.0398861079066     
  -9.7256369696317665E-003   3702.0173821909561     
  0.11260683631184699        3702.0153892129915     
   9.6824213942449042E-002   3702.0658844360082     
   6.7019683086095475E-002   3701.9872123691566     
  0.20382428766273428        3701.9980451737138     
  0.14811606397701294        3702.0740956566842     
  -9.0515435710653597E-002   3701.0064069332616     
   2.2161484136459155E-003   3701.0064069332616     
  -2.1742494160488332E-002   3701.4031838633477     
   9.8342914637619169E-002   3701.3979642314716     
  -2.5433302032374209E-002   3701.2999634618354     
   9.6006451195572537E-002   3701.2879290477540     
  -3.2399622542138476E-002   3701.1709981638710     
   8.8449778168249255E-002   3701.1709981638710     
   9.9841727817669645E-002   3701.1871979454968     
   9.0530687804762686E-002   3701.1784154793622     
  -1.5957656374306503E-002   3701.1946393544563     
   2.2969974777167394E-002   3701.2809782860786     
  0.15905232525044619        3701.2846073894893     
   8.0224143816809618E-002   3701.2699549850213     
  0.24382308367713218        3701.2692413910213     
  0.15900039224251239        3701.2770184417377     
  -1.5080148418878557E-002   3701.2037354417453     
  0.10590869519664227        3701.2003632606002     
   7.3297984956779291E-002   3701.2397387359897     
  0.23649385461578945        3701.2397387359897     
   8.2618717531382641E-002   3701.2059116522869     
  0.16235783459249903        3701.1775961320382     
  -4.7509525328448578E-002   3699.8126326487059     
   6.7309918566988577E-002   3699.8062870555764     
   6.2810159949057004E-002   3699.5350449074995     
  -7.3820359603479074E-004   3699.5963449948081     
  0.13269339235709143        3699.5904362733577     
  0.12430329660048695        3699.6501337416848     
   3.8562517554780310E-002   3699.5585478935714     
  0.18806894696484597        3699.5620531051554     
  0.16690299471730935        3699.5529128042258     
  0.10022294625728126        3699.5824748706959     
  0.27255909500768372        3699.5824748706959     
  -2.5857730606956265E-003   3699.3406520918652     
   3.9794168600523087E-002   3699.2799691554692     
  0.18703686601156461        3699.2774081225898     
   5.8865712744352670E-002   3699.0858679272274     
  0.21656532822534530        3699.0855313791749     
   6.3101139856542435E-002   3699.0120820612315     
  0.14352986067989038        3699.0199838342696     
  0.18378861580022796        3698.9967809425930     
   1.9324699336555059E-002   3697.4454428483709     
   4.8994386987238486E-002   3697.4356938321653     
  0.20370668521457874        3697.4457562790790     
   8.3985578232743302E-002   3697.4112994045995     
  0.16453341338020497        3697.4386043165423     
  0.16224327955700144        3697.4441499370650     
  0.10687990628760367        3697.4770380268042     
  0.19719300145642027        3697.4726682183323     
  0.20845271133724966        3697.4774551800442     
  0.36500459680313763        3697.4992677282553     
   8.9145990726599872E-002   3694.9083857139699     
  0.24740569911672045        3694.9155545426679     
  0.19517870343614471        3695.0596653814337     
  0.15353828090155874        3695.1287711689429     
  0.26805296488826136        3695.2646669118876     
  0.13551284712000397        3695.5508347160726     
  0.20089215804093380        3695.6085195208025     
  0.26693597811762887        3695.5884235160529     
  0.25886561550363041        3695.5936865982903     
  0.20865061602088442        3695.6119506218661     
  0.27540678283600079        3695.5892622674637     
  0.51723529189220097        3695.5892622674637     
  0.32563017027076741        3695.5342312338353     
  0.37402757126856517        3695.5096713144667     
  0.19587205414106232        3694.8642354645640     
  0.20559557935205458        3694.6928457851036     
  0.32652970669840625        3694.6499735252401     
  0.35629261904605852        3694.6044412647830     
  0.39955111385413661        3694.5287921806944     
  0.19120683638119321        3691.4414177791182     
  0.24150921819402854        3691.2173602196367     
  0.28189794711509608        3691.2712577572811     
  0.31536550402812563        3691.1966751881728     
  0.30084066236294987        3691.2073766039316     
  0.42867330132497594        3691.2851101279084     
  0.32296706940622433        3691.3286701404181     
  0.42454501419796598        3691.3440389119701     
  0.28942065913971027        3688.8881505957515     
  0.36623369388908500        3688.7567802269937     
  0.34877686513278783        3688.4878438151159     
  0.46779541743909181        3688.4962188276377     
  0.40690500190151474        3688.4638817196033     
  0.53686184229590495        3688.4766179295457     
  0.42367475658676879        3688.4043687329695     
  0.53410078769389335        3688.3798125120206     
  0.39541319611803222        3684.2279577376557     
  0.43408946096761925        3684.2860054616367     
  0.60747382391695615        3684.2612313381733     
  0.54229154007963365        3684.3213769369067     
  0.55952225424887991        3684.3019969105426     
  0.45194024117604176        3684.4142359783432     
  0.54366188689667594        3684.2044634404911     
  0.55399862857671223        3683.8743714583220     
  0.55967082908783372        3683.6212460988340     
  0.75097266028440057        3683.5769661721883     
  0.55570136989746677        3680.5210160858474     
  0.69125911932224027        3680.6611159349618     
  0.60611896540597610        3681.0998815452494     
  0.72490297557786298        3681.1626307125284     
  0.54010991836446587        3675.5490398336137     
  0.64378881097932827        3675.7208703543834     
  0.64475191853674529        3676.2108108596026     
  0.79727769635352141        3676.2761768609867     
  0.69638846804093035        3676.6758322153560     
  0.83131191773714419        3676.6967374033084     
  0.87922498401366722        3676.7128888153784     
  0.72937061960676852        3675.0020062418625     
  0.78946720101318291        3674.5253733934405     
  0.84418380296879647        3674.3209187723855     
  0.89870636855885555        3674.2168141868169     
  0.77886506095736763        3670.9180291091211     
  0.90851795307012517        3670.7427542851042     
  0.92149481706230785        3670.6084404180224     
  0.92504949546799065        3670.7032988908118     
  0.85055495742752341        3667.0138585412847     
  0.92701562935546977        3668.0625562455534     
  0.97032011465857182        3668.3776465442652     
   1.0174149292683299        3668.6325287749778     
   1.0149653804979899        3669.0267807486425     
   1.1441008557160504        3668.9341423040983     
   1.1903495818025940        3668.7388256778941     
   1.0550902310053709        3664.6714757306586     
   1.1542083315184026        3664.9241540220937     
   1.1819490845902867        3665.1372285379557     
   1.1212540812492229        3662.2322572931589     
   1.2241682318286422        3662.2554878057113     
   1.2540524996320095        3662.3398209267457     
   1.2394841471171778        3662.3095508370061     
   1.3720076704013793        3662.1694570960099     
   1.4211287746452577        3661.8520113044710     
   1.3155347389039191        3659.2388449994019     
   1.4143809960668412        3658.7016831548303     
   1.6226970502118159        3658.5788760911637     
   1.5593120036437498        3658.1863033255654     
   1.4238683960167660        3651.5578708276562     
   1.5384869294227037        3651.8149671945293     
   1.5888630982647187        3652.2639407825523     
   1.5115941530256605        3648.3172470288087     
   1.6268911496505860        3648.2691256126400     
   1.6915399931033390        3648.5640278052601     
   1.7233257075625510        3648.6533105479953     
   1.7762456764312715        3648.0807335918294     
   1.7827837389465531        3643.7622719607684     
   1.8469548058477734        3644.3077713052221     
   1.8474113672156880        3643.8025801487715     
   2.0075864666577581        3643.6626050588152     
   1.8778155737133435        3639.4822327379734     
   2.0121956984293190        3638.9791715163697     
   2.0766302007684088        3638.9544941164263     
   2.0735742510216952        3638.8442508712137     
   2.0547156913947675        3634.3074343254825     
   2.2082141955874732        3634.1274959362854     
   2.2858091916440881        3633.8901781555933     
   2.1789514623712503        3626.4698221893159     
   2.3072622081478675        3627.4977269689925     
   2.3935234129262013        3627.7644003151399     
   2.3156704725754467        3618.4233782136371     
   2.4459252272487486        3619.6930103561122     
   2.5077126852023781        3619.9848531752323     
   2.5727680447165344        3619.8436212801976     
   2.5749086787688418        3607.7082276637052     
   2.7529191377954221        3607.4826010085167     
   2.6596901322866362        3602.1469191607021     
   2.8441912282845361        3601.9181360223270     
   2.9174300465716345        3601.9193367389539     
   2.8326082030869304        3591.5995423929999     
   2.8972164980502746        3590.1607088871078     
   3.0716221230823235        3590.1479251413243     
   3.0144582513937106        3586.4263452808268     
   3.1831601488675383        3585.5503687599139     
   3.1562468874775700        3566.1043030651012     
   3.2298416886681749        3566.1376671262929     
   3.2469192161563254        3560.1761269802569     
   3.4293261956216110        3559.2163622934645     
   3.2818116550032417        3361.3815643275784     
   3.2871342476638219        3335.7372086383293     
   3.4556744094932501        3334.6829853887980     
   3.5303365391320951        3330.2541763565982     
   3.7715494128447449        3329.2412474465054     
   3.5736620282854248        3291.9679200864389     
   3.6809941066120304        3285.9587843542549     
   3.1499112571413068        1748.2053526760578     
   3.1625542111771221        1737.7758625597460     
   3.2532547068905258        1725.9449705201012     
   3.3342938270643248        1724.8159923658743     
   3.3787288990402868        1721.4258538448667     
   3.5670145590239546        1720.8793041897518     
   3.5215570037816790        1716.2506389719906     
   3.7399209099050208        1715.8539160626851     
   3.6636893254476992        1708.9636628131427     
   3.8946918569648545        1708.2987323279290     
   3.7889359797057902        1697.5193327685060     
   4.0084533546614614        1696.6201349841981     
   4.0850390550891511        1694.4215288472435     
   4.0883100247170416        1674.5223186621465     
   4.2207743088922873        1674.1088540813441     
   4.2677917307874331        1674.9949813410144     
   4.5036761395290554        1674.5029197928227     
   4.4365673008792577        1669.8847763717824     
   4.6561646511004202        1668.7341210228919     
   4.6398925156276496        1662.4584758038459     
   4.8660251803666190        1661.4356043135649     
   4.7816742422673553        1634.8937566996583     
   4.9762525789365828        1636.6753984274087     
   5.0627413003304884        1639.2248805702843     
   5.0809346974225003        1637.0336469823808     
   5.3885882532770193        1636.0440690104854     
   5.3203673486514891        1586.7428569820893     
   5.3777434549322560        1483.5026739232528     
   5.3979837909001356        1463.6841979262542     
   5.5412459508555365        1451.9379655024802     
   5.6323966948350126        1455.5195513503224     
   5.7795509212737164        1454.5435056929293     
   6.0303979347765884        1453.1536170273766     
   5.9304946954371580        1438.6044410963984     
   6.0630939955263399        1435.8697275871291     
   6.0824627287005937        1440.2423206736044     
   6.3330118585875503        1441.5345308048843     
   6.4003874577211386        1436.8883392644448     
   6.6355577359100772        1429.9071625204203     
   6.9023143221773564        1426.2232020781373     
   6.8047440596593161        1423.3611531634792     
   7.1405541823170324        1422.0977116656452     
   7.3075244036103584        1419.5170515398875     
   7.4818720098483267        1419.0466944080788     
   7.4557634932815464        1410.9979267523049     
   7.5635385308290584        1411.7858124017064     
   7.8309060422519661        1410.8440267288647     
   7.9406731036875939        1406.7688225345757     
   7.9154691054801924        1430.8690534722032     
   8.2148117023467453        1484.8411860383469     
   8.1701199692147117        1450.1080818933503     
   8.4872647948292830        1449.5247370281136     
   8.6202092917026754        1493.5346988378749     
   8.6142946202469393        1535.3497194774602     
   8.8425253041698753        1541.1181593922456     
   9.0381785442321689        1517.3547871409005     
   9.3255485128210740        1517.2604258228068     
   9.3727575401641570        1577.5236533303591     
   9.5570034549395846        1558.3369348389194     
   9.9651402043737054        1558.2199472878876     
   9.9788699019894338        1575.4972287824255     
   10.162528116051426        1559.5464987649725     
   10.210230957466436        1489.4313333403973     
   10.507254949802006        1489.6527587949427     
   10.662814980965612        1486.7282076490794     
   10.839027593216811        1536.5748006103327     
   11.192302306483713        1545.4881361804626     
   11.407469498754216        1538.7599521149657     
   11.518261736280156        1547.0816261536156     
   11.627673125042813        1266.8761213712501     
   11.963549728534572        1239.5104018902900     
   12.169550405297713        1357.7041249325646     
   12.152198666215254        1175.7112565566283     
   12.428115993704477        1174.6496913301607     
   12.638209808664767        1171.8399106533648     
   12.860825659345812        1171.6571947497648     
   13.136295883888675        1170.2304145632295     
   13.560367877770133        1170.0533514258027     
   13.755315701946326        1157.1762470261160     
   14.067721646289947        1160.4482190955798     
   14.275451055200980        1155.5629221775157     
   14.611455519867377        1155.5712410928008     
   15.027675018508013        1155.5086520604468     
   15.214196724304969        1155.8651319642934     
   15.556565212369662        1155.1782382589749     
   15.790882250404593        1150.8743626908581     
   16.238368549128875        1149.4616357537736     
   16.504779652032148        1144.3784792945630     
   16.869394947985782        1139.6477471411670     
   17.196003316356030        1131.8245621843707     
   17.562742439616063        1127.0114558515627     
   17.816385184262110        1123.4765600532924     
   18.155924638742295        1099.0031151527032     
   18.502969405987880        1090.9202221624128     
   18.922045510491998        1088.6076143698940     
   19.276864317193706        1065.1247851140279     
   19.628734459948788        1062.2214928900257     
   20.002062016588003        1054.3649768546031     
   19.911264519920305        1028.5807578222216     
   20.342987948993237        1032.7122409953929     
   20.767788761199871        1029.4295544155552     
   21.168440648262973        1048.5795547800080     
   21.623467379213388        1046.8263754977836     
   22.082342774211973        1044.7776351099951     
   22.547578694684066        1041.0305131370078     
   23.025130231494593        1038.6954351667080     
   23.496880127546781        1032.7552567177456     
   23.972685046290753        1039.4901549368487     
   24.115122293929598        1006.5718664776185     
   24.634120143936510        997.89278794405595     
   25.170795309265298        996.31444976044770     
   25.699907879746650        995.18137804098592     
   26.236517114777666        988.51831815220874     
   26.785292444044835        979.98902644551185     
   27.345252189183295        983.28331629517220     
   27.910032185080926        982.51167386302745     
   28.421116707074965        990.21504293391308     
   28.969536351335737        975.47801714817763     
   29.581342839781744        936.65596315138725     
   30.032753046256218        985.62935256648393     
   30.499098355851551        946.14487377464081     
   31.121116207014541        973.94281984815416     
   31.767440148030001        972.60851374002732     
   32.438964688317554        973.58936542682420     
   33.129086079638192        978.45937384052297     
   33.836789631915160        979.52775347967656     
   34.543141919980791        941.73378589454057     
   35.236521143571480        994.02629207581845     
   35.963683696908461        992.74771956438713     
   36.716320823328900        983.34567370139325     
   37.410796096315146        986.63643947739024     
   38.038635768726557        986.40997256026310     
   38.702898928398824        909.84237508289152     
   39.542123166242973        903.93595397893466     
   40.394467278735071        901.03482655660378     
   41.263018047636798        899.99416133727743     
   42.100585414656919        905.78207323834124     
   43.004148617586971        907.80752238930677     
   43.595253660037152        965.10049103094400     
   44.527760084958103        961.71953230960514     
   44.962220864277462        932.02421720404266     
   45.943269559653224        936.36907700202084     
   46.937027446307894        927.50376893202645     
   47.951499850428782        866.41499294352025     
   48.911717092897320        868.94404968847391     
   49.448550150422030        1043.4634209027836     
   50.504478355681172        1090.8805954140162     
   50.380051819259243        1046.8369036928070     
   51.485679459716160        1087.8999965687383     
   52.602746691991591        1087.0422990702307     
   53.742317588970103        1137.0305110688953     
   54.892566975997006        1062.0931849917440     
   56.040145085617617        879.55739894893804     
   57.062028368556909        853.07517902243455     
   58.183976367265267        845.82048483393532     
   59.314805948643489        836.05290503145329     
   60.611835164137069        829.05944580948210     
   61.904217298548680        817.81909142501604     
   63.279115204210683        822.26529986284379     
   64.670676024482788        845.76659253662967     
   66.105596630777129        829.85286301032602     
   67.457876852241938        904.14443568791398     
   68.501650105572423        884.32644964957274     
   70.028151017148815        904.24266458639102     
   71.587914701352460        903.07031913686569     
   73.185999279415569        901.86538246306156     
   74.808198287072031        827.34983917205761     
   76.459554709433164        827.03142845018749     
   78.154186256606934        827.05281688563070     
   79.879482278377438        834.46323096816138     
   81.597652125808040        824.20533907394258     
   83.423357484333863        813.42731116038715     
   85.281447983562430        811.19338827700199     
   86.980210699353890        797.55155420202323     
   88.923059250392697        796.04104476370594     
