 -0.13975405922464809        1746.6142385178005     
  -9.7033411899121291E-002   1746.6142385178005     
 -0.11702265222519843        1747.3413054879140     
  -6.1610295906344488E-002   1747.3413054879140     
 -0.10080781223377652        1746.9067952934226     
  -3.7415683346256404E-002   1746.9067952934226     
 -0.12543298182489332        1747.2417218189321     
  -6.7757893025527247E-002   1747.2524425425675     
  -6.8696957534690878E-002   1747.0448915791044     
   9.4053077341974111E-003   1747.0448915791044     
 -0.13273361618117033        1746.7326829765364     
  -7.6328668709048128E-002   1746.7326829765364     
  -8.9511080313844874E-002   1747.3750764010258     
  -1.6585967721692445E-002   1747.3750764010258     
  -5.7874985586563593E-002   1746.9770101819888     
   2.7022059904347716E-002   1746.9828843795240     
  -6.2675058569236677E-002   1746.6537893273905     
   2.5686335403760970E-002   1746.6537893273905     
 -0.10630894666444490        1747.4810367022817     
  -3.6923007492688960E-002   1747.4655731747630     
 -0.10192453323691188        1747.1707188602302     
  -2.7895435102483344E-002   1747.1707188602302     
  -2.9421131187958163E-002   1746.9798104769618     
   6.9202586365118113E-002   1746.9832684704961     
  -5.2215389770679584E-002   1747.3194604176661     
  -1.1902194756211447E-002   1746.8240247516967     
   9.8780423389683958E-002   1746.8240247516967     
  -3.5147103350612878E-002   1746.7519972600330     
  -8.4109561913324915E-002   1746.7654975992248     
   1.8725473298546328E-003   1746.7654975992248     
  -7.7967208063331489E-002   1747.1219712821278     
   7.2017173344508948E-003   1747.1219712821278     
   6.9672870782605308E-003   1746.8343722112759     
  -8.0832755692670274E-002   1746.6335378610052     
   8.2325449854766669E-003   1746.6335378610052     
  -1.1833782157182261E-002   1747.0877693919358     
  0.10063393519469549        1747.0877693919358     
  -9.6021242016596411E-002   1746.0052120677121     
  -9.6640532057352523E-003   1746.0052120677121     
  -3.3788168730622826E-002   1747.9287431736352     
  -6.1578945474366667E-002   1747.3311937146070     
   4.1023260633212627E-002   1747.3110356721479     
  -6.8516426578046116E-002   1746.3885668781070     
   2.9120572633436918E-002   1746.5331987356010     
  -7.1371844134474442E-003   1747.3340827394884     
  0.11841649508426606        1747.3340827394884     
  -6.9340516302982824E-002   1746.6000061517020     
  -3.8030734356602890E-002   1747.1215597580788     
   7.4465825958542758E-002   1747.1215597580788     
  -2.6420106897504401E-003   1747.0002891425886     
  0.12784872455339971        1747.0002891425886     
  -6.3586625762204682E-002   1744.4609485334083     
  -2.5922064629744276E-002   1747.7854626938845     
   9.3661480023776070E-002   1747.4656861122144     
  -8.4021931036590766E-003   1745.0633402065455     
   4.3211655771873803E-002   1747.8888843414445     
  -3.9997215603516569E-003   1746.2117019574541     
   6.0787649986524514E-002   1746.6662972729778     
   7.0039186560005462E-002   1746.2163484847672     
  -3.2257802788260154E-002   1745.3517316588834     
   1.1196230399959522E-002   1746.4458867016026     
   3.5780787699278825E-003   1746.6533884807272     
  0.14360678680929315        1746.6245611593672     
   2.5944437341747745E-002   1745.3690668249671     
   8.6106484032757558E-002   1746.8315877773732     
   8.8893406164531077E-002   1745.6877668502864     
   5.8997525393985104E-002   1744.9684041918172     
  0.14106220944176931        1747.0369695281729     
  0.10131862018268534        1744.7165846461814     
  0.13019450029688773        1747.2663773157437     
   3.3864691017470076E-002   1747.0103646822065     
   7.8145292524185977E-002   1744.2417223258381     
  0.15552340626726430        1746.9310382202343     
  0.11139359576446572        1746.0817075590319     
  0.19192117956358595        1745.2111648192767     
   5.1726949277758019E-002   1745.1531196167273     
   6.0151626011146188E-002   1745.0880952913114     
  0.10958980397096381        1745.8860410931195     
  0.14950024600512110        1744.9474159329206     
  0.12071398068170699        1745.9754611502738     
  0.19135276158774819        1745.1260517978722     
  0.20445522612620107        1745.6156475429639     
  0.15687084880954563        1745.3990754871097     
  0.24335885325577758        1745.4865044139808     
  0.12983004231263418        1745.0528135995289     
  0.14253063926531837        1745.1312283954203     
  0.13964508799959918        1744.4808104209255     
  0.20135962806274171        1745.0573802592091     
  0.22063512926716669        1744.7948115662584     
  0.21139624089879139        1744.7946746919181     
  0.31670662698809549        1744.7483206819509     
  0.17913161942227060        1744.5475962649423     
  0.27140219649455005        1744.3228265482799     
  0.26789140544296308        1744.2844343614224     
  0.22007256314563212        1744.2100648192979     
  0.25902055863829365        1743.0451885632467     
  0.29678693551721702        1744.5128220419306     
  0.29001432458610055        1743.4596293013981     
  0.38601735060645576        1744.0622512890918     
  0.35194837085661190        1744.0101084647661     
  0.30240742079280331        1743.6929484014661     
  0.41257446310678220        1743.9340753251952     
  0.32200726969584914        1743.2702494977909     
  0.36710314706527747        1743.1704411949540     
  0.40110274974455301        1743.1650601847066     
  0.40668344863253242        1743.0632156717672     
  0.51508141798098506        1743.2016566280990     
  0.42099489241710669        1741.9732662987456     
  0.45077251614225350        1742.2900244583011     
  0.57433722289964861        1742.4177917837299     
  0.51828091544818367        1742.4309274258592     
  0.48938660705424381        1742.3917571806955     
  0.61008808004935866        1742.3839683899789     
  0.63331549888375149        1742.3129172682845     
  0.53959122901442091        1741.3248186725646     
  0.66283055232270593        1741.3189706391752     
  0.67119866407571527        1741.3348262287641     
  0.59372535721539998        1740.3615454521603     
  0.66933683726090110        1740.4875041884070     
  0.70283276397741268        1740.6536332615158     
  0.83971780534546325        1740.6716001298291     
  0.72767629816161483        1740.5403603942852     
  0.82334869281934497        1740.4279683934760     
  0.85404809076278132        1740.3029806657744     
  0.80269891269649951        1739.3965322331483     
  0.87460237636077121        1739.3007415201089     
  0.89971869626638490        1739.3268567490750     
  0.99067100025066568        1739.2650537450270     
  0.90230435596523950        1737.5057182891640     
  0.94939980473429597        1738.0028574431319     
   1.0435708012121783        1738.0298567706297     
   1.0116666203501576        1737.9725549507100     
   1.0579088500662233        1737.8864864729078     
   1.1372728335590947        1737.8826715333976     
   1.0725536042498973        1737.0728511377058     
   1.0777320288096377        1737.0083200002728     
   1.1348714149553916        1735.8681856805631     
   1.1949918851829744        1736.3105961710694     
   1.2059156707422440        1736.2236262735137     
   1.3139746671860095        1736.0349440384241     
   1.2691442541078135        1735.4453800138492     
   1.3978666495052929        1735.3386821882204     
   1.4513327751620404        1735.3397865757122     
   1.4402185836414609        1735.1650742302661     
   1.5183954875459404        1734.6363484452841     
   1.4885814484265594        1734.1291362683191     
   1.6402615416132647        1733.9561039589671     
   1.5768565720759604        1732.7174830392919     
   1.6896274808163545        1732.8803911101877     
   1.6597917029480305        1733.0410854555435     
   1.7546817060213675        1732.9253199563636     
   1.7694525883447116        1732.4531062279425     
   1.8204562097964345        1732.2743496639544     
   1.9134239750760405        1731.9901767726822     
   1.9436869781249728        1731.6151583822273     
   1.9706258318444472        1730.8637569972225     
   2.1396677310323411        1730.7008119961054     
   2.0768930560564542        1729.3105842017028     
   2.2181216469897036        1729.4061765097915     
   2.2063646505306620        1728.5627545706636     
   2.3502704462743154        1728.4457752525580     
   2.3077788363700740        1728.0036903491559     
   2.4120049331575184        1727.9297958040820     
   2.4022065264021073        1726.0817873633844     
   2.5446090063837263        1726.5798850158615     
   2.5667107497347699        1726.0110746264054     
   2.6034044183456104        1725.8472446736621     
   2.7214241790539044        1725.8341247300989     
   2.7830746907341344        1725.3950717705120     
   2.8296679384501711        1724.4364933802699     
   3.0142586565781935        1724.1856834618115     
   3.0160604733184431        1723.5088319225586     
   3.1321385983689858        1722.7499425968517     
   3.1288045290147219        1721.3913353928913     
   3.3296211165348524        1721.4141836120750     
   3.2860079496224315        1719.4017051985368     
   3.4499493654271061        1720.1385645007931     
   3.5266662688361983        1719.1356520957568     
   3.6297058021668516        1719.2365704861977     
   3.6564252611350034        1717.9176745856807     
   3.7668362721668807        1717.7099976452921     
   3.8411622813538218        1716.6029566076754     
   3.9766221433878233        1716.0835906837949     
   4.0894091463510724        1715.0941307745109     
   4.1532232455009765        1713.6016963140105     
   4.2386142328213481        1712.0035718023951     
   4.3246744514912230        1711.5114353849685     
   4.5360827904969199        1711.1586387163416     
   4.5646953858126853        1708.6982833392458     
   4.7249440641160332        1708.9853924609126     
   4.8194816040406199        1707.2864062883757     
   4.9873647543502075        1706.4019824701140     
   5.0303429803136614        1699.8157838297452     
   5.1875491275389614        1697.6987847103464     
   5.3090040166968215        1696.5956388753777     
   5.4218741356304445        1695.2903577860441     
   5.5705680865315719        1693.6736344669525     
   5.7037684235557515        1691.4624838309030     
   5.9127763393164630        1691.1743872209297     
   6.0124085807021714        1688.0002710095625     
   6.2316649955974270        1687.3717958154296     
   6.3439642198431896        1684.4102991269442     
   6.4863141322641082        1681.9089614521283     
   6.6525025474182957        1679.3959425703549     
   6.8523795766591498        1678.2983038939115     
   6.7148952106778541        1584.2280929919598     
   6.8980125076145899        1582.5244279984788     
   7.0626761628552597        1570.2360503412538     
   7.2499898160185419        1569.8566286813127     
   7.3900933663719357        1513.9194690475765     
   7.5596607100465674        1511.5029774675543     
   7.7648380882369308        1507.1816239443565     
   8.0196410481021108        1503.2161949453898     
   8.2084268619886771        1497.3396426178449     
   8.3323311920545358        1489.4915009538720     
   8.5974173897646313        1478.2657689889522     
