 -0.13477167092894163        2633.9641232718523     
  -8.4005758487183391E-002   2633.9641232718523     
 -0.11108922567395497        2632.3072926977684     
  -5.0388163048078742E-002   2632.3253908449033     
   3.6646859391873683E-002   2632.3253908449033     
 -0.13095784743444713        2633.9028793853481     
  -7.3838510338806937E-002   2633.9028793853481     
  -6.3912414836599721E-002   2632.4928958254286     
   1.9465915064300888E-002   2632.4928958254286     
  -8.0134592323442597E-002   2632.5328292033646     
   4.3370138749726457E-004   2632.5328292033646     
 -0.11304206272184263        2632.7776074930334     
  -4.5050524414645333E-002   2632.7776074930334     
  -2.7213641313817285E-002   2633.5490075601724     
   7.2214933969123776E-002   2633.5490075601724     
 -0.11695028271616255        2634.6576351024119     
  -4.9863340890691804E-002   2634.6576351024119     
 -0.11637283898847663        2632.4279058523057     
  -4.8934595690343703E-002   2632.4372354518268     
  -4.8297271003028303E-002   2633.2495615068674     
  -7.8225953687983449E-002   2632.5502518261596     
   5.4244743483667238E-003   2632.5570823714011     
  -8.9533010946186015E-002   2632.3667816069569     
  -8.6123731198730971E-003   2632.3667816069569     
   5.2693708428185430E-003   2633.2331445224986     
  -6.7329187787167968E-002   2634.2686866304921     
  -6.2113007413746167E-002   2630.7918888114182     
   3.0637272566592082E-002   2630.8370210502430     
  -7.6636542172132963E-002   2630.9691988957738     
   1.5354998704704146E-002   2631.0095138588144     
  -9.2163355433785454E-002   2634.6193450215351     
  -6.6136343841359671E-003   2634.5741570935643     
  -3.9665367053278019E-003   2631.0033502902643     
  -1.8261143970377872E-002   2634.0743488446515     
   9.7576311390402792E-002   2634.0743488446515     
  -6.3595845199614559E-002   2632.3466468470510     
  -7.0879085978703890E-002   2632.4026367879355     
   2.5808144752016638E-002   2632.4010452774878     
  -5.6403078203555369E-002   2632.3538099934080     
   4.6888813326477360E-002   2632.3556619299302     
  -3.3937670620626546E-002   2632.3657106957025     
   3.9802870053661017E-002   2632.2018556726412     
  -7.9838791286937369E-002   2631.8721165901788     
  -6.0440993011415041E-002   2632.0059121296254     
   4.6410970225302793E-002   2632.0025467609248     
  -7.4089129084719619E-003   2631.8433923981702     
  0.12051522895303611        2631.8433923981702     
  -7.4420498770254688E-003   2631.9889353810881     
   4.2641608182021909E-002   2631.8285109555341     
   2.5165778932065477E-002   2631.9056615501372     
  0.16864660204763254        2631.9092784011850     
  -3.4907207868474427E-002   2631.7370277945474     
  -8.9981523527191132E-003   2631.7023809334996     
  0.11821018728880982        2631.7014395235069     
   1.9005442468730226E-002   2631.6407089707759     
   8.1079947776612302E-002   2631.6436259486250     
   8.4566115212672630E-003   2631.6336840047288     
   5.3420233713432880E-002   2631.5551318434591     
   8.4636429800005936E-002   2631.6180695988674     
  0.24506349036859235        2631.6180695988674     
  -1.8008492890316558E-002   2630.5080853875197     
   1.4634527111106396E-002   2630.5893569767213     
  0.15294452347076734        2630.5920761633979     
   3.1138791933386412E-002   2630.7315573340143     
  0.10073075732820219        2630.7720068122899     
   3.6351185996121665E-002   2630.8816296011646     
  0.11305729552305863        2630.8823183792815     
  0.11854296325634688        2630.9219632788290     
  0.30170345313493496        2630.9219632788290     
   7.7409493836708369E-003   2630.3649223636053     
   1.2344498945249031E-002   2630.6021093217801     
  0.16087197728805883        2630.6021093217801     
   4.3778515525321436E-002   2630.8729068177281     
  0.10278697411228306        2630.8105962483824     
  0.11119750752171768        2630.8572537813807     
  0.28614734706150458        2630.8572692093935     
   7.4441163825832171E-002   2630.7724108843904     
  0.12833544685320486        2630.8514577957735     
  0.17101132148143183        2630.7507520836375     
  0.18911019231925055        2630.8064482229338     
  0.14621023348952980        2630.7323324356653     
  0.24558108316811125        2630.5684308404757     
   8.8246603468376858E-002   2628.0704815089539     
  0.13576884209311191        2628.2627836102688     
  0.12356386369295795        2628.6639044899161     
  0.21269745614453339        2628.6780462868701     
  0.17449923138693590        2628.7809393268872     
  0.26646493177749581        2628.7878163281043     
  0.15394527419207463        2628.1093945093498     
  0.20092640259779246        2628.1021585807580     
  0.21905396303061805        2628.0956291673456     
  0.21702274193798904        2628.1209567893729     
  0.31049098973412170        2628.0693193604316     
  0.25431232817322991        2628.0990063323070     
  0.31984329220335272        2628.0427018468081     
  0.37291826639671133        2628.0580220558222     
  0.24291139403713780        2625.8364845136575     
  0.29823806792133717        2625.7597851281421     
  0.29773022608700234        2625.7802509224848     
  0.40705656677910340        2625.8246205792557     
  0.31905384227098699        2625.9902176145515     
  0.40741902332495772        2626.0238276329137     
  0.39121206156335636        2625.8844793147905     
  0.51056749923858025        2625.8981288228902     
  0.42400150679146564        2625.7533126749258     
  0.35018737730984334        2622.8545120077888     
  0.43297870344945122        2622.9707834658166     
  0.42699478952354220        2623.2837723386415     
  0.42415669944275336        2623.5454859697620     
  0.56603839628704977        2623.5350405330037     
  0.41988395433968395        2621.3405819282625     
  0.45180009145478295        2621.6560975669322     
  0.55261699122827002        2621.7047064393560     
  0.55973969637137344        2621.7939570304525     
  0.56876295213117545        2621.8678591023413     
  0.51215778869799167        2619.8692521156154     
  0.55549815604720065        2620.1280511089162     
  0.57525364647826904        2620.1260302984151     
  0.72025292182754930        2620.1535550685135     
  0.62707643464450769        2619.9888035526369     
  0.71442566567468935        2619.8709928289936     
  0.63268706237136130        2618.5235087253013     
  0.73380842602381957        2618.3890042668163     
  0.77697190291659868        2618.1999916380082     
  0.79956441134852985        2618.1361938005543     
  0.75289357612062147        2617.2057268812791     
  0.83056068402084571        2616.9540459214004     
  0.76821240625255061        2615.1252400583721     
  0.87143244414241205        2614.9362205340053     
  0.92788931453025802        2614.9075628106307     
  0.93410264846745106        2614.8489390052373     
   1.0336457170413078        2614.7329209299273     
  0.93732725339641509        2611.6195149092659     
   1.0797130849309819        2611.7495120998892     
   1.0762275356090711        2612.0303069382039     
   1.0765692914134524        2612.0468375397672     
   1.0698075072768911        2608.6908059048374     
   1.0537987155865696        2607.9964036125966     
   1.1135331903309205        2608.3773276889092     
   1.1666437833851939        2608.5265535091171     
   1.1885105264796896        2608.2169721707955     
   1.3148555616041497        2608.1106986785758     
   1.2303026834266095        2606.4835527574651     
   1.3377515108385245        2606.0978776192605     
   1.3767845109728960        2606.0401969657387     
   1.3473767039887929        2604.6897541807825     
   1.4790983575244898        2604.5111157086953     
   1.4330921224357545        2601.5833749027634     
   1.5125309821585511        2602.2033366561759     
   1.5609606037304447        2602.3613633822456     
   1.6830498566248977        2602.1941806071991     
   1.6181132803201403        2599.0304367717431     
   1.6803321383591048        2598.9798832066331     
   1.7377509813035970        2598.8316527457418     
   1.7663637924309417        2597.7193214514577     
   1.9205319126292353        2597.4779763529300     
   1.8551416145057369        2595.8883641647399     
   2.0040024953272115        2595.4402920649100     
   1.9608614912643527        2593.0097198551134     
   2.0993369785318032        2592.9944465507060     
   2.1516381032348222        2592.9089590254589     
   2.1459707851750203        2590.7123850394860     
   2.3002516712222416        2590.3251130394474     
   2.2921669051852738        2589.4773105950621     
   2.2922888568969242        2586.2116991075713     
   2.4569107287379333        2586.1682315705443     
   2.3896985147437961        2582.2547693940505     
   2.4888415669618724        2581.4317341791329     
   2.5633114210885597        2571.3483286699507     
   2.5810809958102845        2569.0453642256257     
   2.6995875444991637        2569.6816300318001     
   2.6719888385707922        2563.7153592963964     
   2.8173121389347839        2563.7592174861720     
   2.8574895545076675        2560.2503332131632     
   3.0176850176310666        2560.7594447778879     
   2.9716195128617904        2550.4781710786851     
   3.0568977809341140        2531.1138370555927     
   3.0772013738321684        2527.3533945113068     
   3.2526592991623926        2527.7106052781678     
   3.1986294706931333        2464.6923997991112     
   3.2920025590482633        2464.6141158124319     
   3.3560832111726451        2463.1353594674588     
   3.4249688620693801        2460.4468872151847     
   3.6256126167318250        2459.4235334218552     
   3.6334670179293402        2454.7348674395780     
   3.6856846011273441        2448.4674644440274     
   3.9056364000905366        2447.7400651528828     
   3.9200550190335095        2441.0759469094287     
   4.1847728844547873        2440.2761767721195     
   4.1024797841445499        2430.2956189962438     
   4.2963758957662792        2429.1269538122774     
   4.2301932936603759        2308.9273462366018     
   4.4101197736121520        2308.0262794976293     
   4.4031429265715358        2225.2514632878760     
   4.4849578793740212        2218.7429384539328     
   4.5572103570332985        2132.0030465819632     
   4.7322370616826595        2130.3979037479653     
   4.7905340402395469        2122.0226991011696    
