 -0.13546500266955833        4518.2012684813681     
  -9.0021828879528559E-002   4518.2012684813681     
  -8.1725504478627642E-002   4517.4674706069363     
  -1.6222390477859890E-002   4517.4714361274282     
  -9.2662175708513997E-002   4517.6637959622703     
  -2.4338136622644536E-002   4517.6637959622703     
   6.2737753682518230E-002   4517.6630655417221     
  -9.9545929244861511E-002   4517.5294148286011     
  -3.1633543323001806E-002   4517.5294148286011     
  -2.6695983022090600E-002   4517.4495392766894     
   6.8843259927359193E-002   4517.4470362291013     
  -9.3298535794813578E-002   4517.4863296869325     
  -1.7571772940339906E-002   4517.4863296869325     
   8.4465203928354132E-002   4517.4863296869325     
 -0.12678621425486514        4516.3874956161399     
  -6.4942718691949161E-002   4516.3874956161399     
  -7.0494641861380394E-002   4517.0901029340939     
  -9.9180051418733137E-002   4516.9258068125901     
  -2.2383729284898270E-002   4516.9255024802087     
   7.9553583190977176E-002   4516.9255024802087     
  -6.8708212277524147E-002   4517.1073400924452     
   2.3957134851844485E-002   4517.1073400924452     
 -0.11403108545751335        4516.7441711107740     
  -4.1968212715749471E-002   4516.7441711107740     
 -0.10871261905458827        4516.8345114464746     
  -3.0635073979612522E-002   4516.8345114464746     
  -9.4316002231127447E-002   4516.9449169278269     
  -8.3011165593949963E-003   4516.9449169278269     
  -8.0475162055156216E-002   4517.0068554958179     
   9.4229793515206196E-003   4517.0068554958179     
  -8.3776744765401104E-002   4517.2310945584049     
   5.0620455728049218E-003   4517.2310945584049     
  -2.4673886582538131E-002   4517.2533684841337     
   8.9524452366822979E-002   4517.2533684841337     
  -8.7446212758793274E-003   4517.2897905878326     
  0.11248822033313965        4517.2897905878326     
  -8.9075086137328521E-002   4515.7543345832164     
   9.4380062867446975E-004   4515.7543345832164     
  -4.5742698802046663E-002   4515.5100674640635     
   6.0628778165937959E-002   4515.5100674640635     
  -2.0936523906919340E-002   4515.8203701598404     
  -6.1557095614000953E-002   4515.7729154811559     
   4.7890792072452136E-002   4515.7735771327280     
   4.9202916069925731E-002   4515.8880418544959     
  -3.4001644436559911E-002   4516.0839162102893     
   8.5105315511378357E-002   4516.0839162102893     
   7.4643305435276128E-002   4516.0520407769718     
  -7.4304541362218632E-002   4515.0019591687351     
   2.9711914273138476E-002   4515.0019591687351     
  -2.3300338806120237E-002   4515.1565314663094     
  0.10208146802092953        4515.1558047789640     
  -9.3822429918817094E-003   4515.2483177219892     
   5.0612211791447932E-002   4515.2371127821807     
   4.2194722354586642E-002   4515.2582275442501     
  0.19285686799032345        4515.2625188657903     
  -4.0251374663002701E-002   4514.0737908544725     
  -1.3633032995865315E-002   4514.4852481942307     
  0.11595182172039178        4514.4852481942307     
   4.2966227777482269E-002   4514.4266262797119     
   1.5703437427502517E-002   4514.5328019155459     
  0.16416154650308665        4514.5328019155459     
   8.0326896521975749E-002   4514.5323208489135     
  0.24622691732710034        4514.5323208489135     
  -2.1291850969834495E-002   4512.2756097865513     
   2.7791711982541621E-002   4512.6073087279583     
   2.7615557172634753E-002   4512.6974344514256     
  0.17912599098157245        4512.6974344514256     
   5.4508347216506256E-002   4512.9699513322330     
  0.21791738874135869        4512.9699513322330     
  0.18168112084726376        4513.0071527354557     
   2.7614268191609111E-002   4512.8685190084188     
  0.18356935325906187        4512.8685190084188     
   7.4953012932080690E-002   4512.4505079367409     
  0.16569149611172854        4512.4724549209595     
  0.10972109182171455        4512.4126442827974     
  0.19717379432101662        4512.3743241695456     
   6.5597290446004666E-002   4509.3881809635677     
  0.12253314380447441        4509.1403351526651     
  0.11682744559234590        4509.2513498673179     
   7.7924981831137469E-002   4509.5394989401248     
  0.14792632873715253        4509.5492521583137     
  0.19991481409596060        4509.5414921776073     
  0.13796650961555107        4509.4883225211133     
  0.21149575704731347        4509.4748062408444     
  0.10848790777509738        4508.3908020858498     
  0.13814798250007795        4508.1970911781846     
  0.18319761267536758        4508.2144633250355     
  0.23619346693346865        4508.0985533196290     
  0.47158395722492030        4508.0985533196290     
  0.14124547621137395        4505.8004383865600     
  0.26094746971347449        4505.8935749102939     
  0.25964617734679085        4505.8814816338627     
  0.25195684940737068        4505.7916549388738     
  0.24664768352880553        4505.7430873303529     
  0.37041820430767813        4505.7224097028557     
  0.19651274561527418        4503.2831886022832     
  0.26374282287097323        4503.4611734928021     
  0.25079703893422389        4503.8204708348203     
  0.35935019450838718        4503.8522467923867     
  0.28328586546521139        4504.3314314823665     
  0.36722724189603989        4504.3352386096467     
  0.49538601973639679        4504.3434350178804     
  0.27074991277458288        4500.5199499552609     
  0.35554165846317148        4500.7809681606041     
  0.34850809178246422        4501.4002096480463     
  0.46865084802782453        4501.4254472172761     
  0.36996905229153482        4501.9473848781790     
  0.41702223063962363        4501.7820696759418     
  0.43777284824337792        4501.4695351256341     
  0.37029764761118639        4497.0363433371758     
  0.37562489532782056        4496.7966266352223     
  0.50156552873582461        4496.9120471148581     
  0.45453124907488485        4497.3262896820897     
  0.57034465233942455        4497.3360200039615     
  0.47594840472972683        4497.1208164944728     
  0.57114488182948209        4497.0239186289955     
  0.59439519399510043        4496.6872853079949     
  0.52706451670638022        4495.5074933832611     
  0.68571803722189595        4495.4173603837035     
  0.52890457761120180        4489.6327913822061     
  0.57063905817754490        4490.1599154956812     
  0.71813754391100426        4490.2700755130854     
  0.64425494372554581        4490.8772881588357     
  0.75816731498104561        4490.9026247556485     
  0.76477520642805308        4490.8757631676954     
  0.68871011881248156        4488.9322020284371     
  0.74732965464231871        4488.3274691220613     
  0.84807135279484269        4488.1107737854736     
  0.72319899501882634        4485.6421549422548     
  0.80348735475944311        4484.7310339793821     
  0.87920503418556206        4484.5367013473415     
  0.90225588677289148        4484.4006309044598     
   1.0779286537703123        4484.3774298119934     
  0.84903680507014345        4475.9092020409289     
  0.92341963740537092        4477.6751337589103     
  0.95500434520542421        4478.4874524269335     
   1.1318498930940644        4478.5426535643601     
  0.99746174549274580        4477.9103854710493     
   1.0826865735961317        4477.2025809076276     
  0.98461361765445943        4473.9131918890162     
   1.0830488593831433        4473.0498766745732     
   1.1706327297557331        4473.0516864313886     
   1.1160206369018406        4468.9167776814511     
   1.1391212618018869        4466.7786991376070     
   1.2062547208830394        4466.9125850549199     
   1.1785171088804605        4465.1746222077491     
   1.3144377295047396        4464.7601526043218     
   1.2189745360559268        4456.8371828460668     
   1.3175269368736788        4457.4278549189712     
   1.3735577227655804        4458.1141053445945     
   1.4132327172658423        4458.2146972670162     
   1.6520556354587002        4458.1492621728730     
   1.5000689236784137        4456.4749793647361     
   1.4269195982764118        4449.7411567511790     
   1.5927133370997297        4449.7159069709242     
   1.6088384295290392        4449.1276594848978     
   1.7560863914049496        4448.8983782431296     
   1.7250186766234219        4446.0328775282132     
   1.7827696057566251        4444.5893261026749     
   1.7258549314764731        4429.4651340964965     
   1.8101021236503962        4428.2951777230555     
   1.8286174236312063        4427.6078624994771     
   2.0062484282920896        4427.2206737357237     
   1.9354746090695691        4411.3983592656705     
   1.9885283878484570        4404.5476511811021     
   2.0466588209734571        4404.1972330978469     
   2.2175497190179141        4404.0830225923473     
   2.1390435344960408        4401.4847098080554     
   2.1760956822776838        4397.4055858095726     
   2.3509113221648152        4397.0915946148152     
   2.2719704441343165        4381.3879161278319     
   2.3923055300045761        4381.2189229411615     
   2.3440244637304217        4369.5287804320096     
   2.5246946724878478        4370.1574336585263     
   2.4783760684984171        4342.2454451916483     
   2.5145558303257305        4325.5110869070841     
   2.5469088652855576        4310.7146885350103     
   2.6285763102290325        4311.2969098791491     
   2.7164522154711395        4308.9466953209230     
   2.9248184620594317        4308.2726640725787     
   2.8157284232363420        4299.3213920459139     
   2.9968247263878851        4298.5331479507022     
   2.9388908350101621        4198.7103882575148     
   2.9249353250128109        4073.7278105083815     
   2.9636805252102256        4049.5785138284100     
   3.0583344375547843        4045.2868143638666     
   3.2177004707560251        4042.9749838362000     
   3.1328801365802357        3825.6015859037666
