 -0.21724037782761460        2396.7819278605916     
 -0.17010619902688187        2396.7819278605916     
 -0.10220737515069622        2396.7819278605916     
  -8.9035674270608281E-002   2399.8999799528133     
   1.2819677366651350E-002   2399.9225064299358     
  -4.2921606056343771E-002   2404.1686864929770     
   8.1369356022538433E-002   2404.1686864929770     
  -2.9444331657803961E-003   2408.5854930366359     
  0.13624055344856073        2408.5854930366359     
   4.3277282118682584E-004   2422.2840746622924     
   5.0275450724739629E-002   2426.2015129025699     
  0.20953498303545443        2426.2015129025699     
   3.9719797577949773E-002   2447.6483005928681     
  0.10033471901593685        2451.4845903878263     
   2.5725628016742882E-002   2487.1326588751790     
  0.10700459317145015        2491.1035561250383     
  0.29161897100418122        2491.1035561250383     
  0.17687852730215978        4170.4776840304685     
  0.19727002694818557        4170.1428089465653     
  0.29996706985040855        4170.6800680536344     
  0.24595220277308860        4172.5172504022885     
  0.34194353741667349        4172.7573512397903     
  0.19523254301280171        4184.9180582449035     
  0.25318895822232329        4184.6847197020043     
  0.29007467155519906        4184.7382339964961     
  0.31961807963706546        4184.8288458530151     
  0.31716027354555515        4185.2245583461299     
  0.43991124106999724        4185.3289422257722     
  0.27604445640795694        4186.2454287621185     
  0.34899652597835790        4186.5629665927499     
  0.39263385913877341        4186.6795230014695     
  0.35583943697320730        4186.8507901615976     
  0.48792628276829558        4186.8836787458558     
  0.43936710693382725        4187.3132976422030     
  0.54444158689279698        4187.3225860583179     
  0.41832246263871126        4187.3734773542865     
  0.49486591377264594        4187.1333637316584     
  0.56089056771124834        4186.8956792328518     
  0.43210124143099476        4169.1841444445790     
  0.53952980342474877        4168.9904145878409     
  0.53506314899649643        4168.7145027297775     
  0.53222905325099057        4168.3237617793538     
  0.68550053134644717        4168.2873425725847     
  0.58291672504441150        4167.3943236237265     
  0.69810862980042920        4167.2634364282812     
  0.69173734938487874        4166.5209036976867     
  0.62337276346921977        4159.9220929149560     
  0.67186928414482494        4158.9574176363694     
  0.72381399566039140        4157.9269353897662     
  0.70395569583274864        4153.3725715099717     
  0.80206445447843278        4152.8956618483426     
  0.71315128828640229        4144.6783588028138     
  0.80807304361100363        4143.8015527632724     
  0.72887907460532031        4118.9442175783051     
  0.80647487163276199        4117.7431959097512     
  0.86761104433394831        4116.8419806469419     
  0.89306887870178708        4114.4897195530230     
   1.0520191490077273        4114.2065223634645     
  0.86448798883601496        4080.9974523758187     
  0.93784977461423524        4080.5658174700366     
  0.97886512216098143        4078.1644641640723     
   1.0578533197071558        4076.8011111757346     
  0.97804596298744306        4023.6652374361915     
   1.0251492325646365        4020.3124130090687     
   1.1226189390494374        4019.2970287280468     
   1.1210161372591638        4014.8012978918346     
   1.2379334217808229        4013.9024458907734     
   1.1093528258921690        3941.9040143371039     
   1.2040257173880808        3941.3507480666576     
   1.2167639354241888        3937.2138274030108     
   1.3801370859600584        3936.7217360634181     
   1.1976046044226945        3858.0965266457474     
   1.2783803128156133        3810.3147690585124     
   1.3577556810259619        3808.9435251029386     
   1.3503189363179828        3805.4288726902273     
   1.4844986457532754        3804.7366451886596     
   1.4023452585469118        3795.4427523408858     
   1.5338544405370458        3794.1103937093017     
   1.4634868708683040        3776.3085828541675     
   1.6025978751644472        3774.4639665910686     
   1.6509664437639628        3772.1942117023377     
   1.6112768323057993        3753.4452123960800     
   1.7424786765761981        3751.3276605786773     
   1.7957708602360185        3746.8152152675129     
   1.6460013694811613        3380.0134216962283     
   1.7054212736683001        3379.3058394714367     
   1.6639457867164134        3159.0766617030231     
   1.7596968634723824        3157.3151164831984     
   1.7820845916550805        3153.3815413996931     
   1.7676162153273298        3144.4958588757740     
   1.9573315520235519        3143.0869942650775     
   1.5942583260444896        2071.9568181771488     
   1.6707318767354560        2072.4239352563154     
   1.6703510715158858        2073.4579937515960     
   1.8048721814757001        2073.2905063102066     
   1.8444092595239563        2072.4441431567643     
   1.9026140825925169        2070.5990015527482     
   1.8640319754702459        2020.9994791686884     
   1.8682551724911964        2016.1929142298268     
   1.9860316314592494        2015.8966833042009     
   2.0376348672468705        2014.4144525877939     
   2.0150823380609553        2009.6662723229276     
   2.1686115446829648        2008.8210516243250     
   2.1560829425569419        1978.2424133357756     
   2.2003212435673278        1980.4197836673893     
   2.2117598413539015        1979.4114160813428     
   2.3693280911208232        1978.8066822804212     
   2.3281761671341856        1968.7703592232933     
   2.4772490094111030        1968.1129626972890     
   2.5468666365129899        1966.8677633809214     
   2.4869311595775661        1942.8952717061773     
   2.4909332568847202        1936.2664532508809     
   2.6106330434076601        1934.7896828587479     
   2.7127304796712459        1933.9449626607507     
   2.7107684455642373        1920.4913682854688     
   2.7924336759911395        1918.4034823207546     
   2.8393878554355565        1901.9851397164323     
   2.9046442929333258        1901.3325974980296     
   3.0501695155219681        1902.0920174402463     
   3.1215375129617873        1902.2075182363017     
   3.1550749050320155        1898.0384208767186     
   3.3384225342735903        1896.9657159815733     
   3.2964712198706789        1886.1025368947799     
   3.4978614164638673        1884.8420867142299     
   3.4729285855170753        1873.2867406568057     
   3.6414678480484137        1871.4200993819559     
   3.6484494114580186        1860.5425259648637     
   3.8206114092181669        1858.9626638411935     
   3.9171287413887579        1857.4150681788972     
   3.9205153999236209        1838.3112607967544     
   4.0841957930951303        1837.2325056049842     
   4.1005253121904870        1828.1200249681622     
   4.2722295223304538        1826.8961002599094     
   4.3182904366560830        1811.6712369028908     
   4.3469517242252289        1798.5834466895744     
   4.5447438473934119        1800.7994799453611     
   4.6516276100418050        1801.7208822285834     
   4.7336813471581278        1797.7028889605963     
   4.8250517574089971        1792.3133310018413     
   5.0598879698689068        1791.6352984797238     
   5.0589273567438386        1781.3534613373322     
   5.1701666147750469        1765.0113988769260     
   5.2318978917946621        1758.4482247399853     
   5.3480933269412478        1753.1745987990967     
   5.5805469630332887        1752.3025338327743     
   5.6365105928174852        1748.5199970571364     
   5.7771875734737623        1730.5394145609953     
   5.9996317848483436        1732.8423435584864     
   6.0233530840584955        1724.4209512377497     
   6.2009997271154589        1724.9818348114181     
   6.3441328522500848        1713.8263221475172     
   6.4871372756192081        1716.2193221981715     
   6.6157335970312712        1711.9686547341134     
   6.6418211354683212        1561.4932896302475     
   6.7413079607904391        1530.4718764198606     
   7.0277755886791855        1530.6087603411465     
   7.1237606999769527        1527.1246403363684     
   7.3267139483076171        1522.9824617513673     
   7.4966158959747373        1520.9878628807021     
   7.7480750903137432        1517.8930052314674     
   7.9187693721404484        1514.1298913467924     
   8.0538567309899722        1502.1802711588014     
   8.2320776885897136        1496.7720236016289     
   8.4300275239138269        1491.9582592729864     
   8.5309207464774452        1461.9755066475554     
   8.6887505434420227        1457.4712290494642     
   8.9344211657887236        1458.0387434100160     
   8.8778609559016850        1415.3850423623558     
   8.9900224687920467        1396.8806992496809     
   9.1479006743393967        1341.6562639397773     
   9.3374497175919213        1375.9315101567445     
   9.5737109544964110        1374.5287795458121     
   9.7426541079164206        1394.7026044003571     
   10.019322731733542        1393.0709389365416     
   10.247499325472059        1391.3155314531427     
   10.515947105473913        1375.3408810723852     
   10.686832495015546        1371.7072014017313     
   10.928100765327997        1362.9135435879257     
   11.212086175204810        1363.9687465087713     
   11.503286477310418        1265.1847045038191     
   11.782746288344692        1267.1655094853720     
   11.882859784316784        1260.9824145086397     
   12.244271230014322        1261.5356646412504     
   12.472113456646717        1257.1755522468397     
   12.809009379147845        1254.3214484340667     
   12.996361565014146        1252.0996649077172     
   13.317672506730283        1250.3186248099576     
   13.649600572061988        1244.6762477166276     
   13.993228105309647        1243.0392067408450     
   14.208523808471758        1217.0027931231218     
   13.741704737407218        1187.9912232364998     
   14.097392132712933        1186.8562152056711     
   14.454827896209368        1184.4907507078549     
   14.646378081756968        1207.3205997440682     
   14.956456932609745        1172.2482054410489     
   15.155367799871549        1182.4861291697487     
   15.468706141946678        1165.6595058014409     
   15.878012438249716        1158.8998598499936     
   16.264200598635927        1155.3060365872070     
   16.660762761634025        1152.9782802673722     
   17.069085367884270        1148.6946687261741     
   17.485085305214316        1145.9692103915204     
   17.911605129564123        1138.1617902776059     
   18.341392995714060        1135.6094607581870     
   18.767387909098574        1133.1147098812678     
   19.215085478566547        1125.0188498218438     
   19.678940202141600        1119.5841873882039     
   20.150618947529221        1114.6096156054566     
   20.542894890371919        1264.2942418423340     
   21.048799428199018        1126.2771249834623     
   21.572910506548300        1152.8503132335081     
   22.080638484282741        1138.0616126962329     
   22.524090486986022        1134.2471019284926     
   23.077074936497340        1132.5627937113645     
   23.644653717103566        1130.1831788483682     
   24.217983333761843        1123.7164430687760     
   24.795901379740638        1124.7246656695720     
   25.345943055931244        1100.0799056302076     
   25.924112312845729        1104.5642309120210     
   26.560885542053363        1101.8379690600530     
   27.207255617240534        1255.2230126712743     
                       NaN   1094.7441195758333     
   27.389664390567383        1094.2946103234565     
   28.042408291088652        1104.4150549382459     
   28.710554424650024        1104.1789894637291     
   29.408075101379101        1097.3224080639650     
   30.078355538202771        1087.4111227819612     
   30.635646953523572        1173.9519477656536     
   31.147265478021851        1156.3255650310132     
   31.927361762186003        1245.1550484059655     
   32.722777207957890        1240.8232809463127     
   33.531641810792763        1244.6487696222584     
   34.367911323993567        1152.2006973743837     
   35.225156686626597        1164.2969098534779     
   36.092310661920258        1219.1142363907122     
   36.989381836169059        1163.6521232099778     
   37.922142794081182        1175.8087861115773     
   38.874706189975832        1179.4573504986213     
   39.746690149445129        1185.1551264243342     
   40.710479062850901        1181.3669545781502     
   41.729941916674676        1280.5329090974626     
   42.771983670737846        1412.3552668520169     
   43.836771784357772        1364.2693948695280     
   44.666876693337201        1236.2067201121147     
   45.782562124702615        1265.0044147227263     
   46.874183363931024        1170.7488858313300     
   48.008198597150447        1169.4630226255033     
   49.210723609435369        1164.4994497067269     
   50.448665942600691        1163.0822152963683     
   51.722179712988876        1153.7509718931713     
   53.022588701533088        1153.1988310552085     
   54.335429708524174        1199.8743090372750     
   55.210406322894499        1166.1522189522600     
   56.602390063543609        1276.6324186087627     
   58.014874032240222        1277.4898611154401     
   59.473921355962183        1281.8790735766424     
   60.970007508790658        1311.2036251932298     
   62.504666561361788        1302.3124012160324     
   64.068652105423652        1308.5723912375465     
   64.234408269421181        1487.8962784357009     
   65.763782002723403        1424.8681174114893     
   67.113473104094922        1496.7498246880905     
   68.814223079282556        1512.7907531599178     
   70.529578762601489        1792.6866975820765     
   72.286309351214271        1567.1918920747626     
   73.975846245950038        1359.9670827368795     
   75.631317004689549        1497.3337561731375     
   77.554316273521522        1454.9156321665428     
   79.526256927231927        1451.6630018905209     
