   12.395121901891452        791.64553648200479     
   12.789440950958848        792.65902073435097     
   13.085457816789118        790.92030582813732     
   13.440515770001134        784.49206665853376     
   13.786858744914941        779.62940913675732     
   14.147486100387866        774.58179108467016     
   14.520164301583376        768.27792322271921     
   14.900094440891069        763.50669758350443     
   15.292050979233318        759.89254623191050     
   15.693888337167492        756.56816088041899     
   16.102863242525402        753.56087603416859     
   16.496788308270986        750.47122267449993     
   16.934872854398208        746.11900387322942     
   17.393221097890795        743.27834377373847     
   17.860040519193252        740.28321582854039     
   18.331570098433073        735.69713797812562     
   18.696749325567051        734.08040816613743     
   19.078839312111906        730.87113634184448     
   19.578385592874994        727.13788307219204     
   20.086281368613562        723.24384080489938     
   20.553027154759182        717.48040922727387     
   21.097264439446231        712.73556860874100     
   21.653763957779187        707.25227553284833     
   22.212992926230832        700.64327640382896     
   22.637597060777672        679.54130612905135     
   23.229461942929436        670.13419629500686     
   23.812196769218470        659.88371762731322     
   24.405416531666944        645.21643693696001     
   24.971773711062678        629.98757138607743     
   25.616693600639135        620.05143749272645     
   26.283994032023443        618.85046181315749     
   26.981791566214106        615.39468959162934     
   27.687821893757238        611.74949760229981     
   28.354168670224674        609.54161646306954     
   28.717594187840810        594.55476754711708     
   29.325562520473081        583.61232951776822     
   30.114085581085913        579.76238883376936     
   30.784015625321413        540.40095030581142     
   30.984977139183709        527.03976950181243     
   31.820546882428776        521.25525712851538     
   32.662574881855051        516.69637020721314     
   33.431974036389157        512.71703273322601     
   34.299860669220500        505.15939360543865     
   35.233369560988763        500.30973201675374     
   36.191629635458185        495.60358880148135     
   37.172664322737909        494.50545101152579     
   38.161114637330250        493.56764515033097     
   39.148279339697289        492.45746515000172
