 -0.12701838799675239        1045.7164076312185     
  -8.4005833996295715E-002   1045.7164076312185     
  -2.5464725033490152E-002   1045.7164076312185     
  -9.2657673319693906E-002   1045.6737514814242     
  -3.3325973035978125E-002   1045.6737514814242     
 -0.12290065247547285        1045.2584743585041     
  -7.8490037930521062E-002   1045.2584743585041     
 -0.11570330165225372        1046.0024688837543     
  -6.5969033405643890E-002   1045.9773245385165     
  -7.1153925169503238E-002   1045.4096137546226     
  -4.5755080399667728E-003   1045.4196857363625     
  -7.2221221315452416E-002   1044.9981990200226     
  -1.8213736376029262E-003   1045.1820439148337     
  -9.2916048916588820E-002   1045.2726976839463     
  -2.8436319764404507E-002   1045.2726976839463     
  -6.2695898526193214E-002   1045.4061599856675     
   1.5682994569572849E-002   1045.4061599856675     
  -3.3085390208825456E-002   1045.5937090969817     
   5.7151193406061507E-002   1045.5910617237600     
 -0.10489894762991527        1045.8952081061493     
  -4.0633169554338655E-002   1045.8952081061493     
  -7.2742082549345943E-002   1045.9834570068103     
   2.5190939700328045E-003   1045.9555540513061     
  -7.3191373147178510E-002   1045.1676060186912     
   5.1753443089305670E-003   1045.1902220651025     
  -4.2991111386743710E-003   1045.9103482650758     
  -6.4839245007639421E-002   1045.4290965500622     
   1.8429937312511451E-002   1045.4290965500622     
   5.7651626135443741E-003   1045.5271072040014     
  -5.5316602729684326E-002   1045.4560020292413     
  -1.1217507635827444E-002   1045.5633757004366     
   3.8522140018239798E-003   1045.5353667916636     
  -8.6709467502651613E-002   1045.5775918598235     
  -9.5580606887922484E-002   1045.3518508449381     
  -1.7344290685161568E-002   1045.3511806938041     
  -1.8770668666404425E-002   1045.4180774483073     
  -1.7532849896466231E-002   1045.3734603046100     
   9.3111300804303215E-002   1045.3734603046100     
   3.7070232778206799E-002   1045.3435610428089     
   1.8541859783212929E-002   1045.3334053843641     
  -1.3228837731451370E-002   1045.2455078124701     
  -6.6533710890874564E-002   1045.2568001534771     
  -7.7135062208885580E-002   1045.1386354375397     
   1.3017388768145427E-002   1045.1490726508043     
   7.1572538761050337E-003   1045.3047216954446     
  -4.5664340484135049E-002   1045.0933953760516     
   1.6750342179361340E-002   1045.5187468784241     
  0.14104303106943730        1045.5187468784241     
  -5.8241000691583826E-002   1045.0927121318762     
  -3.4630874863664250E-002   1045.2306460144291     
   7.4170588653404479E-002   1045.2239069992318     
  -1.7821536535752008E-002   1045.0390060090299     
   9.8920359377102349E-002   1045.0390060090299     
  -1.4800216236410944E-002   1045.2003434525193     
  0.10625493482310105        1045.2003434525193     
   7.5120445753645709E-002   1045.2031847781716     
   6.8084661329551432E-002   1045.2130799912234     
  -1.3321728982122902E-002   1045.1530892872497     
  0.11442575643888989        1045.1530892872497     
   3.5069599092733668E-002   1045.1091064510356     
   2.3883612848002018E-002   1045.1421573283485     
  0.16465455337105192        1045.1421573283485     
   1.2836286136893056E-002   1044.9788859608830     
   5.3926722484628195E-002   1044.5630272167530     
   6.0618420257472549E-002   1044.7342839855442     
  0.21664682464838778        1044.7342839855442     
   7.4617439923064161E-002   1044.5917323330370     
  0.12334476324445527        1045.1110687050466     
  0.12854101157161762        1045.5062829313765     
   2.5389845790634875E-002   1045.3938254683408     
   5.2815680036241174E-002   1044.8390511221523     
   7.0191042435727560E-002   1045.1897047126786     
   6.3395780538142807E-002   1045.8353601279209     
   5.1266635103233420E-002   1044.4197365880866     
   4.6957587854638029E-002   1045.3890832756558     
  0.12186391668773937        1044.4124704140779     
   8.6875601181523876E-002   1045.0508321207983     
  0.15804269245061800        1044.7135717433339     
  0.13148905259836116        1044.6565075881040     
   9.6304515591962181E-002   1044.6685987486278     
  0.17075150398027247        1045.2248970678240     
  0.16626569377900219        1044.6772223267028     
  0.22031346011168618        1044.8569058461160     
  0.12033477995080558        1044.2752982567738     
  0.15516418984265765        1044.2875631977063     
  0.18139319027019218        1044.4255640269030     
  0.18314147616470869        1044.4841530380797     
  0.27487154088479715        1044.4150990715636     
  0.16767042479072278        1043.8056292402507     
  0.22539824760810337        1044.3104014390740     
  0.25581767799738636        1044.0622326393159     
  0.25370449085198854        1044.6541406488811     
  0.34799993786849193        1043.8589215040299     
  0.27206738783991524        1043.9083700962972     
  0.35471189440813927        1044.6949270533819     
  0.25319224377866867        1043.9788388239235     
  0.30248569358912547        1043.8656394691602     
  0.30757143910371121        1043.9515915238330     
  0.41851196184933820        1043.5328455496640     
  0.33541696193751697        1044.1751469585465     
  0.38369006296553199        1044.2085838083703     
  0.33916186115636343        1043.7388449100133     
  0.37944821144586049        1043.7241641350427     
  0.41084702296280201        1043.7387716609853     
  0.41739909238148271        1043.7606249265821     
  0.53391801841851338        1043.6410617883382     
  0.43429146368676924        1043.4566778723868     
  0.54103465014781615        1043.5339479350757     
  0.53212232834667816        1043.3441685962991     
  0.51800913444508467        1043.3293050210120     
  0.63263020899113420        1043.4572246373468     
  0.52744792583899780        1042.9030868051104     
  0.58415900441500845        1042.9322170435396     
  0.62243291183428262        1042.9249688355658     
  0.63829696339944675        1042.9443326494195     
  0.60911991604675764        1042.7908577286139     
  0.70913639658242478        1042.7944995579815     
  0.73672595041753131        1042.7662096951151     
  0.69006621199854934        1042.1516614156646     
  0.75642520705458904        1042.1841167017933     
  0.79250608878229389        1042.3341371216595     
  0.75817300451942893        1041.6123508745136     
  0.81587957752991613        1041.9812079762235     
  0.88924167006166022        1041.9868282393973     
  0.87815310569880900        1041.8056627659860     
  0.96684619589724741        1041.7409939797885     
   1.0237259007197732        1041.7107485906915     
  0.93460991495719214        1040.8411590785313     
  0.99059471251940656        1041.1176740540432     
   1.1034504485179077        1041.1309395489725     
   1.0301767842396052        1040.5628532346698     
   1.1058034668320484        1040.6810239173171     
   1.1570581766984362        1040.7575125028443     
   1.1494479631260883        1040.5209719649149     
   1.2691652613491426        1040.4368478095464     
   1.2126757333328744        1039.8997119222288     
   1.3284528927548580        1039.9852775166694     
   1.3229650905664243        1040.0163032697812     
   1.4366318640983213        1039.9025487096449     
   1.3832820891203004        1039.3053365636622     
   1.4839786541386957        1039.3604648807168     
   1.5238641241904185        1039.3578244025341     
   1.6635229978655617        1039.3334371810668     
   1.5771206648733884        1038.5215357121110     
   1.6784005321830018        1038.6380182434468     
   1.6561580579796678        1038.7826404480284     
   1.7571999006130523        1038.8082743082837     
   1.7489277061789565        1038.4343138478916     
   1.8651935217663944        1038.3976574045880     
   1.8563762565533537        1038.0134202837148     
   1.9831974560167260        1037.9917260386105     
   1.9682141245291855        1037.5852005025740     
   2.0991392804223059        1037.5263862283789     
   2.0777368699917611        1037.0202647036592     
   2.2211037420255604        1037.0205536642866     
   2.2061672458502364        1036.4286198269651     
   2.3447537710910940        1036.5027456920677     
   2.3525899179025513        1036.2672119925469     
   2.3680444313164375        1035.7565158926861     
   2.5461498776695546        1035.7294886638790     
   2.5063907458857737        1035.8070196900408     
   2.4965741546132501        1035.8714087755463     
   2.6187600178073609        1035.9132016677152     
   2.6474140179119172        1035.4631404368429     
   2.7604113917169006        1035.4022541058007     
   2.7722301481827532        1034.3994069554169     
   2.9053236183435098        1034.6306642400964     
   2.9152532015937407        1033.8401000000138     
   3.0642639895144841        1033.9994583652713     
   3.1318826608775336        1033.4892231781482     
   3.2820303408306288        1033.4885115503698     
   3.3285612263850202        1033.1663187596200     
   3.3647835908435146        1032.5852262276962     
   3.4212406316767145        1032.1589716388169     
   3.5253772868516755        1031.9832897504982     
   3.6119883938355097        1031.6480744769110     
   3.7236073259366460        1031.2852370509836     
   3.9161254491399435        1030.9367776063248     
   3.9261043347843536        1030.2448281548916     
   4.0511320873967236        1030.0072205649867     
   4.1486846138810751        1029.5834910420067     
   4.2750803772057191        1029.2201762904456     
   4.3921799180606627        1028.6792987874330     
   4.5856860897832634        1028.3015745058444     
   4.6479463423299627        1027.5445181319208     
   4.7729006478220670        1027.0578093731378     
   4.8987203676515314        1026.4912001542502     
   5.1503499232520191        1026.3386512296913     
   5.1837533391657225        1025.2948646355646     
   5.3146869903267229        1024.8112416890669     
   5.5617687594864593        1024.7330310374102     
   5.6701665323462622        1023.7862319586084     
   5.7577819388895666        1023.0013921294832     
   5.9143935118061783        1022.4502846353796     
   6.1110197062256750        1022.0588763246105     
   6.2357805331227727        1021.2701054250495     
   6.4239839014724440        1020.7829904606936     
   6.5432155999002797        1020.1754567860664     
   6.7440835247022592        1019.4466865745480     
   6.8418369706736897        1020.0223195336814     
   7.0494908924145374        1019.5910943110842     
   7.2279447798050889        1018.9976737880590     
   7.4012097792149767        1018.3169791537175     
   7.6522470339276696        1017.5386354662419     
   7.8397779811132722        1016.8415687950782     
   8.0740174919258791        1016.2206294568573     
   8.2353836821907613        1015.4220278668566     
   8.5118064526130830        1014.8217524599120     
   8.6974748927540038        1013.9537746216464     
   8.9359588232247216        1013.0995822637096     
   9.1427753043571158        1012.3227611078773     
   9.4380482152439580        1011.4440581021152     
   9.6266507681528513        1010.7164412495213     
   9.8440526722275177        1010.0065396655402     
   10.129030464452530        1009.1016120821766     
   10.210810514066345        1011.5151574379300     
   10.474773148161432        1010.7429740186579     
   10.801612839555451        1009.8451903460489     
   11.035991606761490        1008.9244033198875     
   11.322802400206125        1007.9646320066440     
   11.520211857479893        1005.6027429681136     
   11.885541393244781        1004.7419146037845     
   12.196393976481248        1003.7028942664919     
   12.482184534637963        1002.6523546476947     
   12.812054840907727        1001.4533995101762     
   13.130513256219428        999.17905678269449     
   13.479599586801367        997.98694259599563     
   13.840380704977989        995.78506931672871     
   14.166625864165816        991.31683858915767     
   14.513154075687092        989.32785355221881     
   14.888958730999818        985.25023916963823     
   15.094272115337796        986.83992150092683     
   15.475548637940101        986.63844768629667     
   15.887644795572848        985.70300999779647     
   16.302639331132106        984.87469412300550     
   16.730314467321083        984.31203069822038     
   17.175475140444131        982.99704843836344     
   17.633538774595159        981.35097957543928     
   18.102073764219707        979.31244454076682     
   18.545955725048099        969.34239842513375
