 -0.13363617588087651        3702.7849211411121     
  -8.1154155090493882E-002   3702.7849211411121     
 -0.11861109045602769        3702.7316573237640     
  -5.7620915255530945E-002   3702.7316573237640     
   2.7614019895238404E-002   3702.7316573237640     
 -0.10967854738086831        3702.7666605989384     
  -4.2134063728051036E-002   3702.7666605989384     
 -0.14387144414574793        3702.1958817900072     
  -9.0026871102283995E-002   3702.1958817900072     
 -0.11447845115301092        3702.6270908275101     
  -4.6732661298941665E-002   3702.6270908275101     
   4.3554467893730721E-002   3702.6270908275101     
  -8.6138845467729361E-002   3702.5925560917076     
  -3.9449212905993654E-003   3702.5899959208741     
  -2.8960418837404595E-002   3702.6016580555283     
   7.1394724875256887E-002   3702.6054689416283     
 -0.11041302949509782        3701.8268564476043     
  -3.5495148796158178E-002   3701.8254477870901     
 -0.11222540509749189        3702.2131769977636     
  -3.4940115791113169E-002   3702.2158834177385     
   7.4939717503008235E-002   3702.2158834177385     
  -8.1573597952979485E-002   3702.2162505345332     
   1.1664220742557336E-002   3702.2120159671404     
  -9.8050744394463915E-002   3701.9666030341587     
  -1.3088876269470822E-002   3701.9659630979963     
  -5.1032869584779227E-002   3702.2397195504832     
   5.3905689905720457E-002   3702.2397195504832     
  -4.8533734207630692E-002   3702.1983712349270     
   5.7664236317308333E-002   3702.1995361159939     
 -0.10560697208410980        3702.0573046232244     
  -1.9119979878714569E-002   3702.0573046232244     
  -8.6516851937148045E-002   3701.9806067398931     
   1.0405860369099823E-002   3701.9806067398931     
   9.3650611753221032E-003   3701.9807849750628     
  0.14021937869206461        3701.9792881048252     
   3.1216082776908639E-003   3701.9630513674533     
  0.13591879342477989        3701.9657423240924     
  -8.4481931719168776E-002   3701.7567821727221     
   1.3403455815087024E-002   3701.7577922799956     
  -2.8108010358771328E-002   3701.6618316519921     
   9.1662206770192878E-002   3701.6642529354936     
  -1.5931559128720151E-002   3701.6113160509281     
  0.11211959878313055        3701.6114587597785     
   8.9234965468600297E-002   3701.6362054704105     
   4.7638730109493294E-002   3701.6226082639992     
  0.20204484109538612        3701.6226082639992     
  -5.7264505295951007E-002   3700.2350998803149     
   5.8173844926339341E-002   3700.2350998803149     
  -4.4707965854581949E-002   3700.1695577062546     
   7.7348154827139179E-002   3700.1695577062546     
  -2.2724995050469456E-002   3700.2266463540996     
  0.10875706553287730        3700.2263783897743     
  -1.1254666330709073E-002   3700.3235963595057     
   7.5077114540770193E-002   3700.3275583580971     
  -5.2938526010778912E-002   3699.1488335384724     
   6.3116656281179032E-002   3699.1513604044226     
   1.7987216031530751E-002   3699.1947788175680     
  0.16039543712848045        3699.1947788175680     
   1.4045720236645333E-002   3699.2550493796180     
   7.3067698421979813E-002   3699.2845343703157     
  0.23996038766329425        3699.2845343703157     
   1.6484567653126496E-002   3699.4622160178274     
   6.1290526337744143E-002   3699.4040455666527     
   9.6378623261144186E-002   3699.4341496394704     
  -1.7956553765734184E-002   3698.1903788264367     
   1.8994393310082652E-002   3698.1079413618086     
  0.16469145611118716        3698.1108662805304     
  0.10539460778170463        3698.0809160250847     
   7.4361298935084030E-002   3698.0708096825961     
  0.24517890712331911        3698.0692408113914     
   8.5272519030937632E-002   3698.0257876049868     
  0.14796267161027860        3698.0526885264817     
  0.16585460892881984        3698.0424491327940     
   2.3459444056942155E-002   3695.6818084091014     
   2.2006987650214676E-002   3695.7458058764332     
  0.10582385780623788        3695.7252960735814     
  0.10959070072685435        3695.8402094057305     
   8.8229558385511969E-002   3696.0923730193754     
  0.15744583901246800        3696.0540697202928     
  0.17574937727146864        3696.0981073323928     
  0.13449428312956876        3696.1476953347055     
   9.6134172226943981E-002   3696.1283405871768     
  0.17190241237722037        3696.0610833805003     
  0.20786797784870148        3696.0450255802875     
  0.23140995743031936        3695.9641652113328     
  0.19231395475066679        3695.7712724206822     
  0.31188241545118134        3695.8157418179512     
  0.14460869450236358        3692.4228442499534     
  0.19540416872542063        3692.6757951128516     
  0.17687196627927004        3693.1675903190508     
  0.27957346491512308        3693.1819721615893     
  0.22444942335713647        3693.3753644398089     
  0.33530004272776798        3693.4118467404960     
  0.17583478565128174        3692.9052944499927     
  0.25101148166930953        3692.9151090764694     
  0.20753466462705397        3692.6007759550785     
  0.21853523068937239        3693.0460158585684     
  0.32452369159318661        3693.0681543519067     
  0.28462788043851789        3693.1799145003961     
  0.38623734662097342        3693.1819654285605     
  0.38738903631219440        3693.2208948419402     
  0.27804832428208665        3690.9335432704402     
  0.28841591409164424        3691.0092070546052     
  0.39624288994346613        3690.9925484782261     
  0.35453731286382345        3691.2859144445920     
  0.45614312822184655        3691.2955859621961     
  0.36110295964968486        3691.1562136150478     
  0.43169367070383297        3691.0265116243086     
  0.45561051179085621        3690.8115569399288     
  0.40783206870356548        3690.2499560290303     
  0.52278073505330303        3690.2054927717795     
  0.41390927585766008        3688.3066061284762     
  0.51579892134276117        3688.2192414325391     
  0.53469012563826712        3688.0167884298071     
  0.54696367130896917        3687.8890730525909     
  0.48375308911022769        3686.1599238717181     
  0.67977669473874602        3686.0974838810712     
  0.60722792422899474        3685.8842748320553     
  0.60905729661151187        3685.7730207895470     
  0.71637823486400265        3685.7640757676586     
  0.59169561342184152        3684.3076503491275     
  0.65465753876137700        3683.9025012660873     
  0.77521011447687893        3683.8182617071043     
  0.64332240348906278        3679.7218001319338     
  0.70403635297786182        3680.7417054841781     
  0.72645225356250132        3681.3583224642944     
  0.87088985155761733        3681.3977441212960     
  0.75696883379183977        3681.5093018251418     
  0.78813107087150325        3681.4864415410270     
  0.93617483402435708        3681.4361529414832     
  0.80814345401468668        3679.7265637844030     
  0.88376985807868669        3679.2757078922568     
  0.91959923354128303        3679.0411190424575     
  0.87925563214666247        3677.3095809163574     
  0.97064026935034231        3677.0329637001587     
   1.0189736956996254        3676.7564725250795     
   1.0084118850105444        3676.4704061567950     
   1.1727266499717031        3676.3601227580975     
   1.0401832891956906        3672.4253460155364     
   1.1273386367754423        3672.1908220014261     
   1.1733519041799048        3672.3506296579076     
   1.1118728795141841        3668.7295219712100     
   1.2239230159255434        3668.8210852323414     
   1.2813629347362532        3669.0554418690699     
   1.2700713596747886        3668.8552998043656     
   1.4478221598089440        3668.6736430272217     
   1.3073642192699779        3665.7773267619114     
   1.4458564116344810        3665.4291263168334     
   1.4787194886361674        3665.2778004553588     
   1.4679240645933584        3665.0745937250686     
   1.4670752502478381        3662.4825708411531     
   1.6129356371421979        3662.2644076205183     
   1.5687673082763889        3661.0553394093331     
   1.7163511813998846        3660.6580046925646     
   1.6315724109849987        3656.4796683896006     
   1.7466346649055049        3656.2849967963230     
   1.8017462646312690        3656.4365855958836     
   1.8141371557086783        3651.6406430679549     
   1.8446933295505206        3651.2961329703990     
   1.9680505245090008        3650.8544947230148     
   1.9636572799410172        3650.0352624239190     
   2.1438339686914101        3649.7464081026851     
   2.1110683227642735        3648.3334717308726     
   2.0728589594517270        3645.1302695255745     
   2.2458662374708642        3644.6240757964001     
   2.1764827308171277        3640.7507846617823     
   2.3193988888746677        3640.8678539264574     
   2.2866198659741936        3629.2849090198133     
   2.3245348043197067        3626.1821876641375     
   2.4471438250345625        3626.2301823383182     
   2.4132117165222899        3619.9599176082816     
   2.5523876144094726        3620.6379836854494     
   2.6241700231416210        3620.5031792035725     
   2.7233495617437566        3612.4499173267095     
   2.6380654412910913        3548.6752313689162     
   2.6358003663967842        3546.6068409271438     
   2.6986774129996167        3540.4938325712319     
   2.9077064553326126        3539.4436261431752     
   2.8576483196138049        3525.5717862407632     
   3.0035344887561917        3525.0638938538618     
   3.0304977786730425        3490.2167673518270     
   3.0324093169760178        3377.7180791193732     
   2.9725362159927187        3219.3020577157736     
   3.0983923078722047        3156.2830863909830     
   3.0952787606147902        3031.1023353468154     
   3.0848606039131869        2945.1376547237346     
   3.1472161248404436        2847.5908349703582
