  0.28300899883470315        2099.9646211305080     
  0.41294356297524604        3294.8445898507753     
  0.40715849842180440        3305.9945925942470     
  0.44634973081546309        3316.7765714779930     
  0.45747175862013584        3292.7149907423654     
  0.57194189418041974        3320.4723620398745     
  0.46071893566172767        3332.9850742763956     
  0.51713581623025962        3332.1598842659323     
  0.56792738295368494        3334.0423382652880     
  0.49880152322633997        3311.4352823654876     
  0.55574805995885967        3306.4603679294687     
  0.59109507194415767        3331.0760859369866     
  0.62382497527049530        3311.2556575769877     
  0.65956249327071026        3344.5814009353667     
  0.63100971604091494        3333.5589773229754     
  0.69110869617246840        3320.5040119568434     
  0.75415512898523229        3320.1345722313354     
  0.77179152639256599        3338.3989296340319     
  0.72201434900054373        3327.9978695592117     
  0.78510596728420645        3327.1353468547545     
  0.83722307290843001        3311.0907953645010     
  0.77406313952560979        3315.2345095012474     
  0.85827440010678557        3314.9356339028586     
  0.90256476187107293        3302.0048865616195     
  0.92581305024232163        3314.1819445840742     
  0.87176629148232276        3281.4682789075355     
  0.92590995385542085        3296.4250743906414     
   1.0196734034370221        3296.2078245554608     
   1.0366735552469397        3294.8165109029219     
   1.0268561535569367        3294.1421767869256     
   1.0504160054852942        3232.9221659399673     
   1.1407305567632875        3224.7033873231999     
   1.1698401811310664        3231.3154776686988     
   1.1634587112971764        3226.5977062047873     
   1.2844282633711064        3226.3972975424504     
   1.2120596029149449        3199.9710831702700     
   1.2746994887888905        3190.5292563993494     
   1.2816328798838073        3213.9524609572545     
   1.3958820842825148        3201.4073490209789     
   1.3567605521145221        3197.4723518502042     
   1.4844348179017544        3190.8921174549810     
   1.4223280177775228        3193.1510399958584     
   1.5541594526112739        3185.7084285009346     
   1.4810171756038606        3185.5112058514801     
   1.6250437564104860        3189.9758628185514     
   1.6797658549759140        3178.5659683546141     
   1.6724012022492796        3180.6441820331261     
   1.8449851691033852        3181.4347446035631     
   1.7153436236592374        3155.1959717963082     
   1.8356497760702617        3158.1792908970588     
   1.9063985869209148        3158.0500859116396     
   1.8196581995879826        2978.4514894961103     
   1.8332228010554179        2938.9543779032301     
   1.9202107077739541        2930.4456923336752     
   2.0639881246877616        2935.7307670258269     
   1.9860490866858882        2916.6133000116665     
   2.1100832040283497        2919.8745287233251     
   2.0613959092832732        2872.1597042485805     
   2.1641194875246357        2868.4830591810974     
   2.2305539422468801        2861.4772438842142     
   2.2116609961301390        2819.0031478831497     
   2.3428275645385810        2820.2780879846146     
   2.3924884217306235        2803.6960356663890     
   2.0405633040939382        1775.5886054696311     
   2.0661778566256785        1774.6986971441454     
   2.0971120414226769        1768.6977244570496     
   2.2280280187428017        1767.6645072236804     
   2.2508670049634154        1764.1189491165794     
   2.3928360982570664        1763.2713861005791     
   2.3696812964985177        1744.9047318011189     
   2.4549224503887355        1745.1880774607985     
   2.5307480935099615        1745.1467727448833     
   2.5474609695613442        1743.1535482036800     
   2.6884013856592888        1742.2577948491380     
   2.7419759656879150        1740.1743967446037     
   2.7582713650517472        1735.1476136710769     
   2.9453988526352948        1734.0989372010497     
   2.9171491831921892        1726.0572836611843     
   3.1021720659864704        1725.0989314196499     
   3.0692189982183904        1716.3233361823322     
   3.2256449517508772        1715.0773742749932     
   3.2137368141241160        1703.9107499027821     
   3.3771421082654567        1702.8896821230242     
   3.3682991942806342        1694.7538868846923     
   3.5493290434641640        1693.9300709710737     
   3.5133200301212204        1682.2272846934354     
   3.6796400289111033        1681.4693630775437     
   3.6242188326471751        1656.5752039921008     
   3.6841719183985431        1649.4419625910848     
   3.8003059182448564        1651.2715444391583     
   4.0259401482185941        1650.9894327597667     
   3.9923736312894045        1646.4946414631308     
   4.1858653771356398        1645.3258424186272     
   4.1791575520066244        1636.4578194569383     
   4.3691378077181184        1635.6760090875403     
   4.2435740152633370        1624.3096984844383     
   4.3174439228826689        1620.2165428913545     
   4.4023999103995539        1619.8864725061840     
   4.6186776813744812        1618.7008582877972     
   4.6255406301435160        1613.9070637504267     
   4.8541793742694948        1612.7916221338241     
   4.8808677450313551        1599.5078034052162     
   5.0446928069173049        1601.0838273692420     
   5.0804914011035036        1595.6951797797703     
   5.2991686035184733        1595.7978150172680     
   5.2981643432756789        1586.6233155013374     
   5.4338725337611002        1584.5831888258224     
   5.4921002720045333        1580.6568056128131     
   5.7245580577851811        1580.2513762516555     
   5.7832410713004681        1575.6316604723349     
   6.0351238429667351        1574.7007236800268     
   6.0791677156794366        1568.5325436849691     
   6.1902446520442398        1565.1370826133752     
   6.3641445641930110        1564.6808173174109     
   6.5049967524041907        1561.2985929855915     
   6.6654741361893279        1557.8288161248522     
   6.8469210146782915        1554.6694690963300     
   6.9439664889679067        1546.7871681194335     
   7.2064966353770217        1543.6811142922058     
   7.2955493462922689        1532.1131898888436     
   7.5281253027802588        1525.4079920798076     
   7.6785165284223753        1558.8058447146570     
   7.5783085709648326        1315.3250416596625     
   7.6854120499288685        1312.3771190467339     
   7.8699507410030778        1310.5467260629666     
   8.0306517751773594        1303.6112232299279     
   8.1690320045262457        1291.2628497022549     
   8.4190011713953385        1284.3429430891983     
   8.6633086643046884        1285.6550139488775     
   8.8548785259044784        1279.5591028053884     
   9.1573003734708642        1276.4129304412590     
   9.2913148996425647        1270.7312726404623     
   9.5258271332641939        1264.3695112605419     
   9.8561209384012969        1256.7426902643651     
   9.9249094807092124        1235.7627266903412     
   10.124617925174677        1225.3319628300619     
   10.450832751607411        1221.4028598664436     
   10.156952942515796        1173.4817745485557     
   10.423656343123364        1171.8834055562422     
   10.644990779622953        1167.7763213692949     
   10.861174411153254        1163.2345246394002     
   11.194870675960173        1158.9537192912828     
   11.191392728756060        1141.3440277306138     
   11.454689792143508        1140.1495061483995     
   11.824570723937887        1138.4557800244095     
   12.034598607307856        1134.1788540103028     
   12.322222507596001        1131.2650523546220     
   12.622207863080872        1112.0505907131653     
   12.812044848076328        1111.1447698243676     
   13.247517173901604        1110.0544624766378     
   13.460457088304654        1105.2650400738332     
   13.786894487077713        1098.7434748598862     
   14.149517500951852        1094.0105696657363     
   14.496381589487980        1089.1828163151599     
   14.349936014942907        1085.5966493661565     
   14.788646448487150        1078.9398720852741     
   14.909481696461979        1094.8207514142848     
   15.275407275253237        1088.9503160841000     
   15.673257485955309        1085.1132352308543     
   16.059367192130505        1077.7341322224604     
   16.447336038691208        1061.8513598304087     
   16.842131042220384        1064.2402343876593     
   17.246185498407769        1059.7801916285875     
   17.660614273706102        1048.0656981770983     
   18.063896034752680        1035.0866929098422     
   18.479099924659497        1032.5829656206840     
   18.926750277393207        1028.4368622562367     
   19.377419219006811        1026.8130620292368     
   19.846191205441464        1020.4674980563498     
   20.273213720009995        1018.0843106677358     
   20.737882583838694        997.85082253841892     
   21.192074694184527        992.72753431195497     
   21.721479150414126        975.97811505337847     
   22.146917392666808        1032.5008550335999     
   22.607763924162963        1026.3585116408167     
   23.147314203131035        1023.5942273873432     
   23.723337930774413        1018.5823635143163     
   24.311128864661164        1013.9462796937037     
   24.520445188253685        1004.0774417975371     
   25.147554986051865        1002.7408853233528     
   25.789920302056430        1001.3078951716286     
   26.449827778500531        999.74695912176503     
   27.039198447613792        904.41236244983543     
   27.664956639482856        904.49875361787326     
   28.359862805869636        902.95414709652573     
   29.061876531663913        934.97672042548584     
   29.614501413930000        992.61327850820578     
   30.360111339528952        995.69541707070891     
   31.095936804254240        995.28450114948578     
   31.848108724905149        994.16355566118602     
   32.620411853068546        992.43357685890885     
   33.414485929455175        965.37324883685608     
   34.230227755918079        970.29258583903697     
   35.052936289039259        948.27847194182232     
   35.870511004176201        976.41535520668151     
   36.706611339475259        1002.2585081269567     
   37.082267202489042        976.25097695369448     
   37.971431298286966        1037.9773454721833     
   38.720042151200424        1067.4606986217234     
   39.692600231957528        1063.0675869358913     
                       NaN   831.62969047938191     
   39.570164731463159        1067.1388756683129     
   40.560951776936882        1065.1744407723982     
   41.566760777104285        1100.1750726052949     
   42.614628864014939        1015.0714514983216     
   43.685760305929541        954.56233653181630     
   44.791204999773285        1005.2180133629438     
   45.926098821164295        1042.7550942289447     
   47.084024008386216        1014.9992759864504     
   48.275929034547644        1015.3549752771085     
   49.504814502762180        1013.9160744204321     
   50.754376817292972        1046.8088036196634     
   52.028713754884386        894.42942386143045     
   53.354775360934397        882.74992396683456     
   54.574153334571044        1020.1043136164997     
   55.949959424787494        1018.7291782334372     
   57.387512113811667        1032.3151613519151     
   58.869569876688146        1030.8921796136869     
   60.390972905921956        1014.3353158285768     
   61.953841942205329        1012.2209582083434     
   63.534843527467260        1012.9675999715495     
   65.185482645291358        960.95374411684372     
   66.858966290057779        854.82048391513092     
   68.563983378879513        856.49401041277861     
   70.332137278171189        854.29891127966982     
   72.042065286866787        779.32858177488947     
   73.894368133637641        775.90283222693631     
   75.850785275760998        774.83336015421207     
   77.862537303712841        773.76107024818043     
   79.935310124705438        772.64095831040083     
   82.064551561733964        764.18456048827591     
   84.258096873593672        787.63194055927249     
   86.510940799987424        791.73360963540131     
   88.808613976343096        858.97754190401906     
   91.084552015345892        851.52721000826511     
