   8.4632039417130258        909.27044499802241     
   8.6516339422717294        910.51065280646969     
   8.9015638794697640        907.49591313196413     
   9.1651828057586986        904.42133316457443     
   9.4434907268694079        901.72521067528328     
   9.6690738104106835        894.53983765461453     
   9.9192102942473870        889.68830715732031     
   10.164405701492431        884.40081685203984     
   10.406122272285803        878.19956009124348     
   10.700359778633466        873.35685967372001     
   10.963514199475235        870.66211246630746     
   11.292749548657568        867.20095659522872     
   11.546272871820234        865.39032290613102     
   11.837457527068182        862.07199158528158     
   12.197531104274148        858.18808296085911     
   12.451725630177638        852.19361458338426     
   12.799006200949007        851.24404578173926     
   13.129605214498657        848.31856874915400     
   13.501479535654004        846.59186565827429     
   13.766737349283614        842.45704575898219     
   14.131058897546618        839.92333850518924     
   14.377246012394096        835.69234292583826     
   14.529731073449163        833.56497103586685     
   14.874941198469854        828.11389403865405     
   15.255205597475715        822.33673417920033     
   15.615046110716321        819.02896916056682     
   16.022724977598120        818.09159381458051     
   16.422219744748308        805.34999424304340     
   16.821687024533805        797.98797223879092     
   17.240764736128973        816.92889637050860     
   17.671556882220692        786.34128420175796     
   17.977376329274517        731.30529544694139     
   18.454004071074348        726.49512191679150     
   18.776143856059733        739.96438416410297     
   19.236333286997226        731.26369200329384     
   19.741442614841585        729.29411523089755     
   20.260500938211930        733.59553342545655     
   20.794485131719735        729.85602828517312     
   21.324291527542709        673.15460546912641     
   19.506722200306626        674.02878124124663     
   20.034546723050017        672.36831478811916     
   20.568493849029029        670.58555138455756     
   21.108213612305526        668.38152667925169     
   20.705043736382009        663.57974739542306     
   21.292695017837818        660.03282892958828     
   21.815956573119319        635.05510650968768     
   22.336149803913422        637.65801696350582     
   22.675973067929494        601.48231177692185     
   23.321968939284865        598.96604236658288     
   23.968434922426425        594.93887940463355     
   24.620621034891933        605.03299679121881     
   25.279075869341590        566.67190419187909     
   25.994226512082534        564.63052073422580     
   26.731627463453609        572.59414683686339     
   27.481042150261704        602.25506138271169     
   28.234709866559601        569.72153312635760     
   29.012906923100623        568.58611803397878     
   29.832917677963316        573.82952287566718     
   30.677181551976052        566.20557664996204     
   31.540330821198168        574.93457335700555     
   32.418627905433638        573.39370891937949     
   33.325792689576154        571.97322158930319     
   34.260710445781640        582.90753728827133     
   35.221441055074322        581.43399256271255     
   36.204058798829735        573.54235102353073     
   37.214844610412122        568.18485067223992     
   38.257484975905086        566.74743382997974     
   39.327978429652084        569.83519934354422     
   39.738969087615537        589.89444617892548     
   40.846139705990169        588.56826796665189     
   41.999988298275625        587.12993185109917     
   43.188294908417511        585.08178192870525     
   44.403667485090033        583.53327900319550     
   45.662861588488198        581.17677648017025     
   46.958974156797325        579.86627423602931     
   48.289441606375483        578.56372594666414     
   49.656087879535150        577.21791856952075     
   51.067272290656483        575.81143610835306     
   52.518534278016702        586.90910054259029     
   54.008688787079365        585.55421648426034     
   55.547336689909294        587.26847779897503     
   57.127226174008477        585.78549076829722     
   58.748676976938633        584.28299263471320     
   60.423456364953481        579.68891887596544     
   62.140046202760203        589.33346401908909     
   63.895950875701651        574.22261044130164     
   63.656741263285866        578.65635840010702     
