 -0.12640133583826726        1259.0285633740948     
  -7.4970241856595302E-002   1259.0285633740948     
 -0.11048613742496985        1259.1211191464417     
  -5.0000089279863748E-002   1259.1211191464417     
  -1.8476373710455830E-002   1259.0913586840493     
 -0.11362772661125026        1259.0955174463611     
  -5.2139295755831372E-002   1259.0955174463611     
  -5.1567664302884036E-002   1259.0920576493618     
   3.3601081751873700E-002   1259.0920576493618     
 -0.12287587228641157        1258.9607387774449     
  -6.5751459324737582E-002   1258.9571264243655     
 -0.11806250133677752        1259.0056506323492     
  -5.6359593200540112E-002   1259.0070731493051     
  -7.9024252893008337E-002   1258.9555088429497     
  -1.0064397260323146E-003   1258.9555088429497     
  -7.3022108496836768E-002   1258.8630781634097     
   1.1328582956396452E-002   1258.8630781634097     
  -5.1968215240279003E-002   1258.8307917114050     
   3.6483759848611422E-002   1258.9495052750135     
  -6.8093889560637541E-002   1259.1808335245096     
  -3.5940667088424173E-002   1258.8117983819252     
   6.4103585420198603E-002   1258.8117983819252     
 -0.10016208998734032        1258.3361704540098     
  -2.5929540057921075E-002   1258.3361704540098     
  -8.7484067053676895E-002   1258.8864620515817     
  -5.9291816209694247E-003   1258.8837127584102     
  -5.3041850964435054E-002   1258.9188324423210     
   4.3407782350510293E-002   1258.9188324423210     
  -9.9048499691997194E-002   1258.8659230873711     
  -2.2222273547942338E-002   1258.8659230873711     
  -7.2652294759918884E-002   1258.7478443403556     
   1.5676485610672454E-002   1258.7560565867907     
  -2.5672850830388450E-002   1258.8872345568179     
  -6.5559226498594345E-002   1258.9384798476074     
   2.8788847504268484E-002   1258.9384798476074     
   2.1020226783191667E-002   1258.8958805384441     
  -6.8011225534791312E-003   1258.8949216716956     
  0.10948888419523137        1258.8949216716956     
   1.2931093132750628E-002   1258.9229054622986     
   4.1569983100667507E-002   1258.8516480460539     
  -7.4473881109963919E-002   1258.8372832472646     
  -3.6496231773739354E-002   1258.0959166062896     
  -2.9580933968713873E-002   1258.5812614033812     
   8.1185756336597761E-002   1258.5797024733927     
  -2.0060865153943210E-002   1258.6486624912134     
   2.5331995927138872E-002   1258.6348250429601     
   8.3776847442316407E-002   1258.6512916930601     
  -3.9304206373691225E-002   1258.6818976049935     
  -1.0880666964152271E-002   1258.6965749705921     
   1.9100012242910570E-002   1258.6953948673638     
   7.5970791783739255E-003   1258.6719675505353     
  0.13994377027659599        1258.6719675505353     
  -3.0166265648681207E-002   1258.5301965253379     
   1.8156928383416180E-002   1258.5669811988221     
   3.5921925318173571E-002   1258.5523730507002     
  -1.3914525200869589E-002   1258.3345664550527     
  -1.9171448726512719E-002   1258.3789154425760     
  0.10794979261396138        1258.3789154425760     
  -7.5332117387904097E-003   1258.4063150640673     
   4.0050122587740759E-002   1258.6061377929059     
   5.6007882478664020E-002   1258.5384706559169     
  -1.2672573358346668E-002   1258.4946127690503     
   1.8718373099079214E-002   1258.2886501411115     
   3.6938089076443921E-002   1258.1516129998763     
   1.9965527621078765E-002   1258.6360790576728     
   8.8703034788216326E-002   1257.9552369856383     
   1.6586434706371802E-002   1258.6622082127228     
   4.4325545641722058E-002   1257.9042554004202     
  0.10037585970350112        1258.4597167388790     
   5.5798275546087232E-002   1257.6215712661710     
  0.12510297600157677        1258.6541920822624     
   3.8196271168297255E-002   1258.2219844505460     
   6.2043908073552020E-002   1258.3302372993392     
   8.1406410139836141E-002   1258.0837788810716     
  0.10226749990992108        1257.9977467681922     
  0.21855328373731944        1258.0554938739808     
  0.12483103120822442        1258.0321783417012     
  0.17670821110607091        1258.1772862484988     
   7.6233427025261896E-002   1257.1799277513574     
  0.12816181254564540        1258.5700185042281     
  0.12977734340708869        1259.2863119246799     
  0.15916407398766222        1258.7833362331703     
  0.15021130545894065        1257.1520806296887     
  0.23018752782507490        1258.6996660430502     
  0.14591668511118697        1258.3786990448762     
  0.21177345009254619        1257.2758021840514     
  0.16170506252059086        1257.6062333513514     
  0.16305670850312268        1257.6672514264267     
  0.24969874910723963        1257.2189734586057     
  0.21027073131769830        1257.6486410098805     
  0.29065002679370205        1257.4319479754517     
  0.19795068473027486        1257.3734865882082     
  0.22011649547416415        1257.3535568847849     
  0.32180896931036729        1257.5104228856565     
  0.22378513254219382        1257.7074356815908     
  0.25182164557606979        1258.3039793835426     
  0.26768357722431585        1256.8343489025640     
  0.37467081856207729        1257.4437073350102     
  0.31540513096802075        1257.2601696494835     
  0.40289937413608307        1257.1713115710979     
  0.32266932409261934        1256.2980950688336     
  0.35402391419141427        1256.5753922769043     
  0.38642541572328565        1256.5356217057349     
  0.39958157169216701        1257.2661958660092     
  0.51366694043511030        1256.4072152345132     
  0.40815127171981552        1255.4622139482169     
  0.44032887339291099        1256.1142810004935     
  0.55601057923557307        1256.2127983133971     
  0.51387769471463352        1256.1116517871690     
  0.62527934636373683        1256.3834544681683     
  0.51632194283906163        1255.4859320971264     
  0.57648624517699210        1255.4648157040519     
  0.60797766773521722        1255.6737490097987     
  0.61842858740186846        1255.9210648352339     
  0.68426646706804017        1255.8446565382008     
  0.62848194820846193        1254.9076337512563     
  0.70462663907199263        1254.9668972350244     
  0.75049767023187641        1255.1448152360738     
  0.68115893901940949        1254.4714700350278     
  0.75233273211830820        1254.5462453835439     
  0.78786712110425527        1254.5552015674330     
  0.79652597097906641        1254.6226300634742     
  0.95569094232227525        1254.5744760643045     
  0.78493719283962737        1254.2263140285736     
  0.85123217868484102        1254.2450629285133     
  0.87494891771039529        1254.2705571344295     
  0.98702347310989491        1254.2653025537659     
  0.96292673474057155        1254.1595267632399     
  0.92038286013896553        1253.5603579117526     
   1.0042770894339277        1253.4659839104595     
  0.97585249703143062        1253.3749377902752     
   1.0803943395086930        1253.2596716616106     
   1.0580498043535240        1253.0594361440762     
   1.1706245231856467        1252.9397584654114     
   1.1406539737271302        1252.4691455226473     
   1.2333927579522872        1252.4699467102735     
   1.2416714750905911        1252.4305116728674     
   1.2412555738962578        1252.0536186141371     
   1.3582420314410384        1251.9859112446657     
   1.3427467886629825        1251.7597211173875     
   1.4656045743099146        1251.6470151874757     
   1.4068307545811272        1251.0546900761622     
   1.5187325413981225        1250.9335343707760     
   1.4515334431238189        1249.7590508907895     
   1.5503392961007008        1250.0684339144009     
   1.6163786384284500        1250.1714598112669     
   1.7465602398383218        1249.9427981767810     
   1.6535998596569115        1249.0482469751421     
   1.7657628118207349        1249.2653316525491     
   1.8211412925240431        1249.3390750852279     
   1.8793445374595248        1249.5421024309521     
   1.8572768450052717        1248.8102771734937     
   1.9754714659718597        1248.9229614868041     
   1.9648579180934795        1248.2042975427496     
   2.0894129104066392        1248.3104640132465     
   2.2605601705165101        1248.2661856134657     
   2.1402223348563232        1247.0955113330056     
   2.2728802240623316        1247.3370386443814     
   2.2713118845890601        1246.5936525922173     
   2.4046006687048789        1246.7856082050146     
   2.4204121957912608        1246.1192912963531     
   2.5608439084421923        1246.2590655977754     
   2.5512416890685445        1245.4105725680506     
   2.7026111611455637        1245.5424717402088     
   2.6993992269376612        1244.7511566922776     
   2.8392302968022665        1244.8967700729190     
   2.8797947868204234        1244.6078905872123     
   2.9251369984129600        1243.5842259914541     
   3.0871955437041692        1243.6955181106375     
   3.0912680225919660        1242.9946549315202     
   3.1425069961597134        1243.1241734411681     
   3.2395047745354799        1242.8724208989947     
   3.2988949160459158        1242.4169812011717     
   3.3284843446091914        1241.7557737120439     
   3.5454808985105926        1241.6949764413182     
   3.5588398760238085        1240.5110547768284     
   3.7396368707158469        1240.7010545591572     
   3.7820658317759155        1240.0967463860816     
   3.8506758366996419        1238.7818862600243     
   4.0300962641670530        1238.9616265216907     
   4.0660828331354715        1237.3455341506508     
   4.2438957426148445        1237.6671757405438     
   4.2172441709401269        1236.8402156483614     
   4.3744713651412601        1236.8569387331731     
   4.4500523378299333        1235.7997171986765     
   4.5264257256240228        1234.9830060712766     
   4.6025439516020601        1237.2018031489749     
   4.7220930022839642        1236.6349754268424     
   4.8864810760686339        1236.3592716507574     
   4.9401370491863528        1235.6017952850323     
   5.0701774628384930        1234.7305263418086     
   5.2300297886732450        1234.5148257081053     
   5.3921975543956302        1234.0750079389913     
   5.6396371096363156        1233.5401587076385     
   5.6811099715998008        1232.5782057825786     
   5.8496170524475293        1231.8934496115637     
   6.0015992525283650        1231.2094791338861     
   6.1932438361431768        1230.3323260683276     
   6.3318882938367604        1229.6375763273461     
   6.5155360020368187        1228.6068882201093     
   6.6639350066362155        1227.8074988469889     
   6.8876448679900673        1226.9790975852484     
   7.0437400130049523        1226.0010944532069     
   7.2279746291704923        1224.9946849711439     
   7.4204296365618347        1224.1073623810044     
   7.6321063118279291        1223.3258726429240     
   7.8500224434963322        1222.2270675909995     
   8.0183442900788080        1221.0844951359452     
   8.1487465384495987        1210.8667178012054     
   8.3239926086279095        1209.2951576724440     
   8.4474594240377883        1209.8228199241591     
   8.6496043569966083        1208.9769935676982     
   8.8902685404900854        1207.4742126139304     
   9.1164077626710469        1206.3353747375127     
   9.3991394575331828        1205.0142800728097     
   9.6083639490846622        1201.7066238379546     
   9.8921014614376102        1200.5063836438669     
   10.090106328109250        1192.2296212647323     
   10.323183997058875        1191.0367740382555     
   10.618954460126233        1189.3106223102732     
   10.769982764709134        1157.2791361040336     
   10.997040015577936        1138.0301942235201     
   11.280737755058778        1136.3691558557159     
   11.577882538576345        1133.8871500913885     
   11.874462993166595        1129.9320552418874     
