 -0.12186461505400831        4100.7872197664683     
  -6.9088075609687744E-002   4100.7872197664683     
 -0.14124368898300838        4100.2917607088721     
  -9.2847732601865698E-002   4100.2917607088721     
  -9.8793429088393628E-002   4099.7825679871348     
  -3.7194238766217073E-002   4099.7825679871348     
  -7.7961462228656839E-002   4100.4978546723542     
  -7.0842848368705223E-003   4100.4895978132363     
 -0.12826228248522975        4099.2589595939053     
  -6.8530124173185020E-002   4099.2589595939053     
 -0.13157709220007074        4099.6233462084328     
  -6.9420854409376342E-002   4099.6240075488440     
  -6.9769228886124718E-002   4099.7662331258816     
   1.2550362917918750E-002   4099.7662331258816     
 -0.10568153136132563        4099.7360520340544     
  -2.8217545606242650E-002   4099.7360520340544     
 -0.12789728154572480        4099.7614583518207     
  -6.0767968946368357E-002   4099.7614583518207     
  -3.7893633238918152E-002   4099.7441797242473     
   6.4293988971299815E-002   4099.7441797242473     
 -0.10511833434076955        4099.0527850156723     
  -2.7494915029122092E-002   4099.0528178058339     
  -7.9645752852525870E-002   4099.4865344949003     
   9.3019929528774144E-003   4099.4865344949003     
  -5.0728602113047729E-002   4099.2624921935067     
   4.9750774039380344E-002   4099.2624921935067     
  -5.9235014939923343E-002   4099.1372172688725     
   4.0846443900922784E-002   4099.1407981437169     
   3.3067789931310952E-002   4099.2714425195891     
 -0.11941058035497430        4098.2144510735361     
  -4.2114424252515360E-002   4098.2144510735361     
  -6.3078051957064035E-002   4098.1576386422403     
   3.7058018746979837E-002   4098.1576386422403     
  -2.8124604038791901E-002   4098.2966336338586     
   8.3808699534684061E-002   4098.2970210239073     
  -9.1483576472324843E-002   4096.9438548848084     
  -5.4167144601809707E-002   4097.4331564168078     
   4.9117957598861402E-002   4097.4351497389480     
  -3.5276529676925551E-002   4097.6714408438793     
   8.1036540145549382E-002   4097.6728520047091     
  -3.0699450839475246E-002   4097.7100860366536     
   3.4423992571543660E-002   4097.7285863199586     
   3.5348007532619186E-002   4097.7174124757748     
  0.17636234552839927        4097.7184821724259     
  -5.6316458940132819E-002   4097.6817299231534     
   5.4037945861353444E-002   4097.6828996914419     
  -1.4658836522881726E-002   4097.6095746625524     
  -1.4308726068516483E-002   4097.5365042356334     
  0.11690012493350553        4097.5365042356334     
   6.6325714696838206E-002   4097.5478155497622     
  -5.6284933673985918E-002   4097.0638535630987     
  -2.3318255043892365E-002   4097.0209694559881     
   9.8900136595082386E-002   4097.0209694559881     
   3.5831259639841941E-002   4096.9906482505394     
  0.17945646885032393        4096.9906482505394     
   4.7376668298652898E-002   4096.9256600733124     
  0.11076053748196407        4096.9237306925233     
   3.1218666735805778E-005   4096.8677869966159     
   2.8968057082208495E-002   4096.8070088499235     
  0.17462956407553348        4096.8071859801967     
   9.2830315630337099E-002   4096.7782202949629     
  -2.1821515464510069E-002   4095.3810181044723     
   2.2463826060648302E-002   4095.4574885090733     
   4.4347688164204292E-002   4095.6089396854227     
  0.19596367235029924        4095.6070131575630     
   3.1758026104790782E-002   4095.9804457598084     
   8.8741972227649596E-002   4096.0849267337780     
  0.11427665077533689        4096.0440523271272     
   7.8104073528834514E-002   4096.0713542722851     
  0.12606400564140144        4096.2184389212816     
   1.2205638260237262E-002   4095.0919217397518     
   3.2068890290205682E-002   4095.0911203890628     
  0.18272896763059732        4095.0918041315740     
   8.0055199490959253E-002   4095.1979689116570     
   5.4971573958996538E-002   4095.3266775108409     
  0.17390891099598937        4095.3266397548596     
  0.17700591600382007        4095.3899095244592     
  0.16153272549249578        4095.3637236761051     
  0.36725232704259381        4095.3637236761051     
   6.1409112669422956E-002   4092.8638989876617     
  0.11651538687372560        4092.9453024753293     
  0.15331487836904623        4093.0615050670640     
  0.13994953575198618        4093.2033799558685     
  0.33475380598828819        4093.2032610395240     
   8.0644790996474744E-002   4091.4191002811140     
  0.15326012306911369        4091.9224632693595     
  0.16322209156454040        4091.9310103420707     
  0.17369468430357185        4092.1015417451404     
  0.14796164567475847        4092.2854201697078     
  0.26938779299835464        4092.2955263836939     
  0.14191561770547298        4092.0664797782260     
  0.15255126049931703        4091.9236746104602     
  0.25213625623153363        4091.9410471040064     
  0.21008649667032281        4091.9190171942978     
  0.30801605144278865        4091.8592538165972     
  0.20422433561079645        4091.1550187572207     
  0.25893107106695923        4091.0286989253655     
  0.29642106316038186        4090.9056613773864     
  0.29474195323915731        4090.6361388311752     
  0.39092382148440069        4090.5988674413047     
  0.23825576422452513        4087.5562070368319     
  0.32484128425597658        4087.5258275680235     
  0.31166017347835406        4087.5816932662042     
  0.41745804680758614        4087.6128889594784     
  0.37948849930974848        4087.7070728359076     
  0.28150032135381287        4084.8161964964534     
  0.35873495362716684        4084.8013138478682     
  0.35782791886551008        4085.0374285227385     
  0.47973905227179947        4085.0945753801070     
  0.47076352066428079        4085.2096999809437     
  0.43257520688284967        4085.3778663257799     
  0.50390150214732554        4085.2910494944044     
  0.52021277592492610        4084.9389214823286     
  0.64712519090119625        4084.8852859702852     
  0.46398842141280500        4079.4436047403078     
  0.51002295434540756        4080.1857807666879     
  0.54301183942131359        4080.4744557021168     
  0.66393110772120656        4080.5361270607214     
  0.56832203508569912        4080.4276409271920     
  0.61268230509152111        4079.9226939970176     
  0.66345835200816183        4079.6690321913643     
  0.58278210504169126        4076.6105705057334     
  0.65833756862002457        4076.5466087278128     
  0.66859308969647568        4076.5405634696735     
  0.79185793932585014        4076.6009687034752     
  0.82015104687200702        4076.6584549675285     
  0.70866608427243671        4073.8501607518392     
  0.77230869223153742        4073.7722952568192     
  0.82358155326677251        4073.9279866000679     
  0.83971944799315779        4074.0143325817462     
  0.97848118770872328        4073.9594426109279     
  0.82710399319199279        4068.9377556764125     
  0.95067718285970537        4069.0441931761970     
  0.94289071433626359        4069.7258475972912     
   1.0946699468410426        4069.7558392630776     
  0.92055090500253267        4065.8887270760165     
  0.99664600515834723        4066.1518491916509     
   1.0614079508802989        4066.4459859053227     
   1.0920195061289983        4066.6634063137194     
   1.0486054571111645        4063.7722558732194     
   1.1283903802024577        4064.0605743976926     
   1.1426593320964269        4064.2464388894828     
   1.2638982579372771        4064.1237934490073     
   1.1471165565938308        4061.8553652111955     
   1.2001067546563000        4061.8886043288585     
   1.3491168567963887        4061.9418887965485     
   1.2556109129803688        4060.1375685879752     
   1.3636110794590044        4059.5613541543912     
   1.3847292454335569        4059.3761523527273     
   1.3478627839210076        4053.7785995856430     
   1.4391626601082981        4054.4242190239024     
   1.4980251369712656        4055.1249633408088     
   1.5175638945841536        4054.9407553825235     
   1.6650150131764148        4054.6763940305268     
   1.5502719916896972        4050.2448532604535     
   1.5975393280970021        4050.1695153693722     
   1.7413282931041196        4049.9574788622822     
   1.6911354060621424        4048.5985938415765     
   1.8289536177129908        4047.8643644031449     
   1.8053648633069186        4047.0813796088200     
   1.9715256575875200        4046.7044226504086     
   1.8824412017320620        4045.6408689437876     
   1.9301264197475647        4045.0852878704104     
   1.9534210760861546        4042.7153495542543     
   2.1364945784559746        4042.6648196949441     
   2.0629375180780469        4038.0534203750240     
   2.1999763299850841        4038.1140467783407     
   2.2659274224568122        4038.4352985043524     
   2.2645569153261875        4031.4479180141007     
   2.3363118574602431        4033.7175737956632     
   2.3536111441266332        4030.7150282894941     
   2.5156075530156006        4030.0532732639363     
   2.4419890760812528        4022.3323746391493     
   2.5862986481136869        4024.7863284524478     
   2.6756758438784685        4025.3889737130312     
   2.6810375111070122        4022.1391498411476     
   2.8615042557708614        4021.3679025921465     
   2.7838494890053109        4013.5469454140402     
   2.9105799382291284        4013.9479325830307     
   3.0764765164175571        4013.4846177040808     
   3.0039367178222096        4009.7283459569376     
   3.1873803910285190        4008.9234112994450     
   3.1202060221726899        4000.8708721950461     
   3.1606891438032765        3998.7603239551977     
   3.3597032126659370        3997.6767915992100     
   3.3779879850309982        3990.5628458985880     
   3.4533872597093525        3989.7812884848286     
   3.6375277227141760        3988.3258508916565     
   3.6334029120988696        3984.7812372565268     
   3.6845237381956304        3976.8439289731014     
   3.7789237856244995        3975.3753886301574     
   3.9927453239899302        3974.6861561487754     
   4.0255292711760351        3970.1388778528622     
   4.0792768195751155        3969.3200346550748     
   4.2959889293559304        3968.2833057737685     
   4.2780947544009189        3964.8937870139225     
   4.3374113065646496        3957.1380191974622     
   4.5537138290471377        3957.9176264951398     
   4.4960770937793839        3938.8182160967490     
   4.6185148073656572        3925.4678962258422     
   4.7782784651984747        3926.1383966029457     
   4.8482846909254249        3917.4762625685257     
   4.9643087623896376        3887.7769556927874
