 -13.0098619
 -12.1023483
 -11.7628479
 -11.7310667
 -11.6633472
 -8.92807007
 -8.89446545
 -6.09682226
 -2.58483052
  7.74011564
  7.9466486
  8.27995396
  15.9713535
  16.3527813
  16.4937286
  17.0820732
  17.8951817
  17.9241905
  19.6505737
  19.8813839
  19.9342194
  21.2149048
  26.4002056
  27.7819366
  40.9192238
  44.4657021
  44.5719681
  44.6045036
  44.6170082
  53.9312935
  54.219696
  54.2613068
  78.2680664
  78.4416199
  78.8625031
  78.9394226
  79.0168228
  79.2493439
  79.2657776
  79.4340897
  79.4497604
  79.5646515
  79.7898026
  79.7990189
  79.8050461
  79.8216858
  80.6081543
  80.6124191
  80.6232224
  80.6285324
  81.4108124
  81.4474335
  81.4517365
  81.9383698
  81.9538956
  82.4445267
  82.4478531
  83.1517334
  83.1548157
  83.369606
  83.3840485
  83.4416962
  83.4571457
  83.8084717
  83.8092728
  83.8414612
  83.8613358
  83.8702316
  83.8749084
  83.8844604
  83.9006653
  84.295433
  86.6296692
  87.2685165
  89.4183578
  89.4204865
  89.7742996
  89.7755356
  89.7882614
  89.8046417
  104.702286
  104.70285
  105.206223
  105.219666
  105.683067
  105.694992
  105.695488
  105.708794
  106.023232
  106.033958
  106.77124
  106.775658
  106.778557
  106.781425
  107.124489
  107.131828
  110.78199
  110.801376
  111.389908
  111.401085
  111.402313
  111.417847
  113.163223
  113.171822
  113.188927
  113.198975
  113.201279
  113.20208
  115.060837
  115.0625
  115.449486
  115.456451
  125.99221
  126.081848
  127.104996
  127.608772
  127.616898
  128.697754
  128.708527
  129.209183
  151.221832
  151.23024
  151.266724
  151.269241
  152.132187
  152.134918
  152.585022
  152.588043
  152.597275
  152.599579
  153.556107
  153.559464
  153.55986
  153.564957
  154.125244
  154.125763
  157.876968
  157.931641
  157.94458
  158.053543
  158.058411
  158.117538
  158.197403
  158.211227
  158.221115
  158.398819
  158.426682
  158.814285
  160.275909
  160.28006
  160.295151
  160.298767
  160.299057
  160.301422
  160.304092
  160.309494
  162.744141
  162.746231
  162.801437
  162.805222
  162.813461
  162.813812
  162.89653
  162.902176
  163.210068
  163.213135
  163.213989
  163.215988
  163.81839
  163.826599
  163.997055
  163.997406
  163.999191
  164.000275
  164.503189
  164.504395
  164.52417
  164.527557
  164.695694
  164.704422
  164.731186
  164.731583
  164.738159
  164.738556
  164.741165
  164.742081
  165.408585
  165.412003
  165.45369
  165.464096
  168.244492
  168.251022
  168.50293
  168.506866
  168.510635
  168.514343
  176.502213
  177.281921
  177.287521
  177.305252
  178.028885
  178.034897
  178.090088
  179.610764
  179.619308
  179.790771
  179.795944
  180.6064
  180.612564
  180.620041
  180.620438
  180.816147
  180.822754
  181.654037
  181.66217
  181.667282
  181.669662
  181.670013
  182.026001
  182.027695
  184.03714
  184.046112
  184.513199
  184.514999
  184.517944
  184.519745
  185.68959
  185.690277
  185.810486
  185.812759
  185.818268
  185.818542
  186.855225
  186.861267
  186.966873
  186.971344
  198.221176
  198.222443
  198.223434
  198.226456
  198.291626
  198.292938
  199.033722
  199.048615
  199.624313
  199.631943
  199.694595
  199.700165
  199.705032
  199.709717
  199.710678
  199.7108
  200.335266
  200.339523
  200.343155
  200.344116
  200.382645
  200.390228
  203.247803
  203.260117
  216.660904
  216.668274
  216.675018
  216.680756
  217.127045
  217.133102
  217.504059
  217.505157
  217.508743
  217.510361
  218.345764
  218.349716
  218.35054
  218.350952
  218.74437
  218.749527
  220.530487
  220.79982
  220.950821
  221.087067
  221.096527
  221.555359
  221.562637
  221.576691
  232.049377
  232.207138
  232.22226
  232.509094
  232.516251
  233.384628
  233.388565
  233.795959
  238.91748
  238.924713
  239.076462
  239.078598
  239.139069
  239.142731
  239.152313
  239.154007
  239.159836
  239.160782
  239.388123
  239.388626
  239.389633
  239.391861
  239.394455
  239.398682
  241.632858
  241.709122
  241.860199
  241.874237
  241.877106
  241.982468
  241.99025
  241.994339
  251.757919
  251.761429
  251.881027
  251.883545
  251.901794
  251.906784
  252.143799
  252.148682
  252.149933
  252.150742
  252.894333
  252.895737
  252.895905
  252.897949
  253.245987
  253.246628
  256.948029
  256.954163
  257.52179
  257.52356
  257.582275
  257.584259
  257.584717
  257.586121
  257.77005
  257.771759
  257.844818
  257.847198
  257.847504
  257.848145
  257.96637
  257.967255
  258.091797
  258.092255
  258.094788
  258.095673
  258.492737
  258.494507
  258.495422
  258.496216
  258.952118
  258.952911
  259.378143
  259.378906
  259.421112
  259.422363
  260.179962
  260.182922
  261.409424
  261.41037
  261.417023
  261.417389
  261.417603
  261.418243
  261.54068
  261.542847
  261.67746
  261.679016
  263.455414
  263.456055
  263.946381
  263.946777
  263.948273
  263.950226
  265.243561
  265.244141
  265.275085
  265.276215
  266.207397
  266.208435
  266.210144
  266.211304
  266.48407
  266.485138
  266.904602
  266.905731
  266.906036
  266.906982
  267.057129
  267.058563
  273.170654
  273.173279
  273.329681
  273.332458
  273.333191
  273.3367
  274.509857
  274.513062
  277.509918
  277.511078
  277.902893
  277.904266
  277.90451
  277.905914
  278.549957
  278.550385
  278.5513
  278.552063
  279.010071
  279.011902
  279.285706
  279.286682
  279.297943
  279.298981
  289.277405
  289.627899
  289.629272
  290.232544
  290.24292
  290.243805
  290.276337
  290.575195
  299.953186
  299.954407
  300.002441
  300.003784
  300.017059
  300.018402
  300.02002
  300.020203
  300.031403
  300.032349
  300.04184
  300.043976
  300.044342
  300.045135
  300.091797
  300.09256
  301.169067
  301.169434
  301.284912
  301.285339
  301.303131
  301.303589
  301.458069
  301.458282
  301.458496
  301.459106
  301.919617
  301.919861
  301.919952
  301.920258
  302.110718
  302.111481
  303.355988
  303.35788
  303.373016
  303.373505
  303.473602
  303.476044
  303.80545
  303.808319
  303.808716
  303.809875
  304.58667
  304.588379
  304.589172
  304.589417
  304.975525
  304.97644
  305.08252
  305.083252
  305.392609
  305.393097
  305.394165
  305.395172
  305.989563
  305.990662
  305.991394
  305.992432
  306.007324
  306.010437
  306.024475
  306.026794
  306.131531
  306.131805
  306.162323
  306.162659
  306.166168
  306.16687
  306.187897
  306.188263
  306.288849
  306.293671
  315.987549
  315.990021
  316.048584
  316.051239
  316.054443
  316.056213
  316.058105
  316.059814
  330.470673
  330.526642
  330.534851
  330.540802
  330.543152
  330.596619
  330.671509
  330.717529
  333.549896
  333.552307
  334.199524
  334.201111
  334.202148
  334.202423
  334.202606
  334.204376
  334.493256
  334.495575
  334.503143
  334.505737
  334.5065
  334.507629
  335.295898
  335.298187
  335.308014
  335.309814
  335.313019
  335.313812
  335.314117
  335.316315
  335.347351
  335.350555
  335.35553
  335.356812
  335.357178
  335.359253
  335.365326
  335.36795
  336.182526
  336.184845
  341.932648
  341.935944
  342.209625
  342.2099
  342.210571
  342.211273
  342.727722
  342.728546
  342.731232
  342.732269
  342.74585
  342.746429
  342.74704
  342.747192
  343.047485
  343.048462
  344.18399
  344.369354
  344.370087
  344.45517
  344.458893
  344.519775
  344.674957
  344.698486
  345.802917
  345.804657
  345.819855
  345.821411
  345.825714
  345.827271
  345.940796
  345.94281
  346.460022
  346.462158
  346.523499
  346.524963
  346.525513
  346.525726
  346.542938
  346.544647
  347.182434
  347.672363
  347.674988
  347.677094
  348.418304
  348.419617
  348.420105
  348.422607
  348.455566
  348.485535
  348.486755
  348.509644
  348.539307
  348.539551
  348.542969
  348.543976
  348.557831
  348.560211
  348.60498
  348.605164
  348.605469
  348.609375
  348.645935
  348.647705
  356.088745
  356.089386
  356.567383
  356.568359
  356.569
  356.569366
  356.569885
  356.570892
  357.240143
  357.240356
  357.240479
  357.241119
  357.278015
  357.279327
  357.383698
  357.383881
  361.103027
  361.103119
  361.281555
  361.284363
  361.284851
  361.285919
  361.684631
  361.685364
  361.686707
  361.687347
  361.94696
  361.948578
  362.324005
  362.32486
  362.339691
  362.339905
  362.729187
  362.73053
  362.98465
  362.985107
  363.002014
  363.002747
  363.040985
  363.042145
  363.043243
  363.043518
  363.562531
  363.56308
  363.563141
  363.563446
  363.817413
  363.819519
  365.370117
  365.370605
  365.370972
  365.371277
  365.371765
  365.372559
  365.555847
  365.555969
  365.666656
  365.667145
  365.690002
  365.691986
  365.707886
  365.708893
  365.721527
  365.722351
  366.447723
  366.449188
  366.450104
  366.451111
  366.54184
  366.542572
  366.543182
  366.544464
  367.059387
  367.060028
  367.607971
  367.611206
  367.612823
  367.613434
  367.879639
  367.881836
  370.957703
  370.959961
  371.317993
  371.319733
  371.428955
  371.429962
  371.430237
  371.430725
  371.436096
  371.436249
  371.436829
  371.437073
  371.454315
  371.455597
  372.180054
  372.180115
  372.180756
  372.18103
  372.22757
  372.228851
  372.249939
  372.250641
  372.253815
  372.254791
  378.574371
  378.575134
  378.860992
  378.865082
  378.86557
  378.865662
  379.236115
  379.23761
  379.304962
  379.305206
  379.339661
  379.340607
  379.362061
  379.362122
  379.362885
  379.363831
  379.49646
  379.498718
  379.499481
  379.499969
  379.604706
  379.60675
  379.950256
  379.952118
  379.952301
  379.953156
  380.228119
  380.230865
  380.396118
  380.396881
  380.426453
  380.428955
  399.22525
  399.228149
  399.372711
  399.378143
  399.381165
  399.383484
  399.38562
  399.387146
  399.414276
  399.419495
  399.424835
  399.428558
  399.448975
  399.455292
  399.456787
  399.458649
  399.458832
  399.460846
  399.503967
  399.509735
  399.510223
  399.510712
  399.616425
  399.61676
  399.636658
  399.63678
  399.651581
  399.654114
  399.658417
  399.659729
  399.70755
  399.70932
  399.936554
  399.939667
  399.960663
  399.962555
  400.194489
  400.19693
  400.217255
  400.21875
  400.222565
  400.223907
  400.367218
  400.368408
  400.36911
  400.369507
  400.561859
  400.56601
  404.335571
  404.548737
  404.551849
  404.930115
  404.937408
  404.970795
  404.972168
  405.181274
  412.194336
  412.197235
  412.231384
  412.231781
  412.232605
  412.234192
  412.274963
  412.275391
  412.287079
  412.287323
  412.290833
  412.293823
  412.296265
  412.297668
  412.374817
  412.378204
  418.817596
  418.81839
  419.320374
  419.322388
  419.322723
  419.322876
  419.331451
  419.33194
  419.580841
  419.582275
  419.582581
  419.583221
  419.612671
  419.613098
  420.791046
  420.793396
  421.535156
  421.730042
  421.732574
  422.068207
  422.069519
  422.300568
  422.625031
  422.65802
  423.065186
  423.065979
  423.0849
  423.086639
  423.136536
  423.137421
  423.141663
  423.142151
  423.16571
  423.166595
  423.255737
  423.256042
  423.270294
  423.27066
  423.313812
  423.314392
  423.315674
  423.315765
  423.600037
  423.613861
  423.647339
  423.685425
  423.685913
  423.732056
  423.734924
  423.748535
  423.749542
  423.749725
  423.750275
  423.770477
  423.933136
  423.933197
  425.341187
  425.357941
  425.604675
  426.012695
  426.013641
  426.277252
  426.281006
  426.536743
  427.880768
  427.881195
  427.883209
  428.035583
  428.098602
  429.060303
  429.061279
  429.130859
  429.131287
  429.13559
  429.136505
  429.151337
  429.151764
  429.153503
  429.15567
  429.168823
  429.170074
  429.188873
  429.189697
  429.259033
  429.260376
  429.407745
  429.408325
  429.668396
  431.3797
  431.514954
  431.518158
  432.168823
  445.153137
  445.343811
  445.346161
  445.690948
  445.691925
  445.888
  446.068054
  446.088348
  454.434692
  454.435181
  454.508789
  454.51001
  454.512177
  454.512848
  454.513
  454.514282
  454.519958
  454.520905
  454.52948
  454.530518
  454.536011
  454.537476
  454.539246
  454.540314
  458.440063
  458.625183
  458.636688
  458.641571
  458.643311
  458.99884
  459.000519
  459.167389
  462.487976
  462.489594
  462.500488
  462.500763
  462.50238
  462.502716
  462.532745
  462.533813
  462.546112
  462.546692
  462.547363
  462.547699
  462.548462
  462.549774
  462.558289
  462.559448
  472.467133
  472.503479
  472.580536
  472.743317
  472.744934
  473.065643
  473.066986
  473.216339
  477.848663
  477.864838
  477.870972
  478.013123
  478.950531
  479.025818
  479.042877
  479.047607
  499.125153
  499.125244
  499.13913
  499.139465
  499.143585
  499.143921
  499.146088
  499.146576
  502.097931
  502.098816
  502.100708
  502.102478
  502.104095
  502.104645
  502.135345
  502.136658
  503.11499
  503.117096
  503.130859
  503.133667
  503.1362
  503.137512
  503.137604
  503.13855
  507.883698
  508.284698
  508.294037
  508.294067
  508.43988
  508.440979
  508.460846
  508.471283
  508.751099
  508.75946
  508.759857
  509.056915
  509.074921
  509.076538
  509.286194
  509.912537
  519.644592
  519.688721
  519.689819
  519.691345
  519.69574
  519.696777
  519.697815
  519.865479
  525.494873
  525.53833
  525.5448
  525.578918
  526.975159
  526.975586
  527.000977
  527.001709
  527.008789
  527.009521
  527.012085
  527.013245
  527.023132
  527.023438
  527.025269
  527.02594
  527.036499
  527.036804
  527.040955
  527.041748
  527.322937
  527.323486
  527.335693
  527.335999
  527.336365
  527.336975
  527.337097
  527.337769
  527.341919
  527.342346
  527.346497
  527.347107
  527.353516
  527.354065
  527.406372
  527.408203
  528.485962
  528.487488
  528.505005
  528.506104
  528.509644
  528.510315
  528.539551
  528.540649
  529.230957
  529.232239
  529.241882
  529.242981
  529.246033
  529.247009
  529.274475
  529.275146
  533.020142
  533.021423
  533.023926
  533.024231
  533.024719
  533.025391
  533.064453
  533.067078
  533.13147
  533.133118
  533.19519
  533.196167
  533.196899
  533.197632
  533.197754
  533.198853
  547.276367
  547.278198
  547.298462
  547.300232
  547.30072
  547.301453
  547.309021
  547.310242
  547.31073
  547.31189
  547.319092
  547.32074
  547.321167
  547.322144
  547.323242
  547.323425
  552.286682
  552.296875
  552.307739
  552.40686
  552.408875
  552.447327
  552.534607
  552.535278
  552.56073
  552.561707
  552.701599
  552.703613
  552.774536
  552.775635
  552.850037
  552.904907
  553.795288
  553.87561
  553.902893
  553.90564
  553.911499
  553.919617
  553.921875
  553.982666
  576.15625
  576.158813
  576.164429
  576.164429
  576.165588
  576.167542
  576.200317
  576.201477
  576.202393
  576.203674
  576.206848
  576.208923
  576.211182
  576.212952
  576.214355
  576.215454
  589.321167
  589.32196
  589.426514
  589.428528
  589.429016
  589.430725
  589.430969
  589.431763
  589.431946
  589.43219
  589.587463
  589.651062
  589.652039
  589.652466
  589.652649
  589.715149
  589.718201
  589.787903
  589.789429
  589.980469
  589.980896
  590.083679
  590.134949
  590.158142
  594.075623
  594.076355
  594.076477
  594.078613
  594.079407
  594.079651
  594.086914
  594.089722
  594.096375
  594.096741
  594.103088
  594.103699
  594.105286
  594.106934
  594.126831
  594.1297
  597.388977
  597.389343
  597.691772
  597.692139
  597.6922
  597.692383
  597.693054
  597.693237
  597.878662
  597.878784
  597.888489
  597.889709
  597.890076
  597.890198
  598.508423
  598.511108
  601.606628
  601.707642
  601.707825
  601.9104
  601.933167
  601.93396
  601.93457
  602.029602
  602.946411
  602.948364
  602.953308
  602.953735
  602.954712
  602.955811
  603.009155
  603.011353
  603.151367
  603.153992
  603.253906
  603.255371
  603.256165
  603.256531
  603.257263
  603.257751
  607.32135
  607.322876
  607.323792
  607.32428
  607.325256
  607.325623
  607.335938
  607.336182
  607.33728
  607.338013
  607.33844
  607.338989
  607.340149
  607.340698
  607.342957
  607.344055
  609.044006
  609.087219
  609.094727
  609.10083
  609.124268
  609.129395
  609.129578
  609.149841
  609.540344
  609.541138
  609.645203
  609.64563
  609.64563
  609.645996
  609.838684
  609.840088
  609.846436
  609.846619
  609.865295
  609.86676
  609.866821
  609.866882
  609.971069
  609.972961
  612.810242
  612.811951
  612.826721
  612.827148
  612.82843
  612.830139
  612.872742
  612.874817
  613.585144
  613.586548
  613.599731
  613.602051
  613.616028
  613.616272
  613.619629
  613.622742
  616.20697
  616.209045
  616.308228
  616.31134
  616.3125
  616.330688
  616.33075
  616.36438
  616.366577
  616.383911
  616.38501
  616.385254
  616.386841
  616.386841
  616.387817
  616.388855
  619.263794
  619.265259
  619.269165
  619.37146
  619.640564
  619.641968
  619.68396
  619.684875
  619.685852
  619.686218
  619.759216
  619.760315
  619.761719
  619.763123
  619.794434
  619.803467
  619.805603
  619.881165
  619.882385
  619.88855
  619.890869
  620.619995
  620.629883
  620.632263
  621.017273
  621.025391
  621.027466
  621.027588
  621.040894
  621.050415
  621.071716
  621.083252
  623.411011
  623.412537
  623.433777
  623.434326
  623.43927
  623.439941
  623.515442
  623.518372
  623.518494
  623.518738
  623.742432
  623.745972
  623.746216
  623.746277
  623.848328
  623.851624
  631.384155
  631.38739
  631.401062
  631.401428
  631.4021
  631.403137
  631.435059
  631.437988
  631.441711
  631.442383
  631.442688
  631.44342
  631.447388
  631.448364
  631.46167
  631.464783
  633.935974
  633.937927
  634.029541
  634.032288
  634.032837
  634.032959
  634.206543
  634.206726
  634.208008
  634.2099
  634.228577
  634.228821
  634.229431
  634.229614
  634.328369
  634.330322
  634.479126
  634.48114
  634.482727
  634.484619
  634.555969
  634.559265
  634.577026
  634.577332
  634.578491
  634.578674
  634.633179
  634.633789
  634.635254
  634.636353
  634.651794
  634.65271
  640.37616
  640.378479
  640.508789
  640.510742
  640.510864
  640.512939
  640.513489
  640.513794
  640.815796
  640.815918
  640.817993
  640.818787
  640.838135
  640.838867
  640.839172
  640.839417
  641.320374
  641.451111
  641.454529
  641.645813
  641.648682
  641.796265
  641.961914
  641.982178
  649.111084
  649.115479
  649.227356
  649.241394
  649.242554
  649.242737
  649.24292
  649.243408
  649.542786
  649.554077
  649.563293
  649.563477
  649.577637
  649.579529
  649.580078
  649.580078
  650.411011
  650.417664
  650.499146
  650.509583
  650.509888
  650.509949
  650.514526
  650.516174
  650.51886
  650.519531
  650.691101
  650.695007
  650.695312
  650.695496
  650.796387
  650.805115
  651.671143
  651.679077
  651.762573
  651.779541
  651.78009
  651.780334
  651.932739
  651.970032
  651.974121
  651.982727
  651.98291
  651.985168
  651.985535
  651.986694
  651.98938
  651.995483
  651.997986
  651.998169
  652.
  652.001892
  652.006287
  652.031677
  652.03186
  652.037354
  652.038269
  652.038757
  652.084839
  652.090088
  652.09967
  652.116516
  652.116821
  652.123352
  653.844971
  653.958435
  653.967957
  653.968628
  654.271362
  654.292786
  654.312439
  654.312683
  654.567139
  654.572327
  654.786926
  654.903931
  654.904724
  655.093933
  655.105652
  655.222595
  659.217896
  659.235229
  659.239014
  659.439392
  659.442749
  659.459412
  659.459839
  659.460938
  659.46228
  659.462402
  659.462769
  659.473511
  659.476501
  659.495605
  659.497131
  659.497559
  659.498108
  659.514893
  659.516663
  659.65863
  665.368347
  665.369873
  665.375549
  665.375977
  665.37616
  665.377869
  665.49176
  665.49353
  665.795105
  665.797974
  666.176147
  666.17926
  666.184814
  666.186951
  666.187195
  666.190918
  668.808411
  668.812561
  668.890381
  668.893311
  668.893311
  668.893494
  669.042786
  669.044861
  669.062256
  669.062439
  669.063965
  669.066895
  669.067139
  669.067261
  669.141418
  669.143982
  676.124573
  676.125977
  676.127808
  676.128601
  676.129639
  676.130554
  676.154236
  676.158203
  676.479492
  676.480286
  676.481812
  676.483521
  676.491089
  676.492737
  676.586182
  676.587158
  679.784119
  679.786499
  680.032043
  680.033386
  680.033875
  680.034241
  680.037964
  680.038818
  680.108337
  680.109497
  680.109802
  680.110901
  680.111755
  680.113098
  680.117371
  680.118835
  680.123901
  680.124207
  680.125305
  680.125488
  680.125793
  680.126465
  680.127502
  680.128357
  680.195374
  680.196228
  680.202576
  680.203369
  680.203857
  680.203857
  680.670898
  680.671509
  686.072388
  686.073669
  686.082642
  686.082886
  686.083801
  686.084351
  686.085388
  686.085693
  686.086365
  686.086853
  686.088562
  686.0896
  686.101685
  686.102173
  686.107239
  686.107544
  686.442322
  686.444458
  686.478333
  686.479858
  686.480469
  686.481567
  686.486572
  686.48877
  686.543945
  686.547302
  686.5578
  686.55835
  686.56012
  686.561462
  686.594666
  686.597534
  697.44397
  697.445129
  697.454895
  697.455078
  697.456665
  697.457764
  697.474609
  697.476257
  698.001831
  698.002808
  698.070679
  698.07074
  698.071289
  698.071594
  698.204102
  698.204651
  698.205872
  698.206055
  698.216858
  698.217285
  698.234192
  698.235291
  698.235352
  698.235718
  698.306396
  698.306641
  698.509521
  698.510132
  698.515137
  698.51593
  698.516235
  698.516357
  700.650024
  700.705505
  700.706238
  700.797363
  700.80365
  700.811279
  700.812683
  700.867432
  701.931519
  701.932251
  702.036865
  702.038879
  702.039124
  702.039551
  702.187378
  702.187622
  702.187683
  702.188232
  702.302185
  702.304138
  702.423157
  702.423401
  702.44751
  702.44873
  706.889465
  706.89032
  706.960571
  706.961426
  706.961548
  706.961731
  706.962097
  706.962402
  706.965637
  706.965881
  707.104431
  707.104675
  707.104736
  707.105042
  707.193665
  707.195129
  707.327087
  707.360107
  707.363281
  707.373901
  707.973572
  708.010742
  708.020813
  708.031677
  708.454651
  708.454834
  708.455505
  708.456787
  708.456848
  708.457336
  708.457458
  708.457886
  708.458618
  708.458801
  708.459229
  708.459351
  708.460388
  708.460876
  708.471252
  708.472229
  709.725159
  709.725952
  709.733032
  709.733276
  709.745117
  709.746216
  709.791687
  709.792114
  709.792786
  709.793823
  709.938599
  709.939575
  709.939819
  709.940308
  709.997375
  709.999207
  713.17511
  713.175659
  713.184021
  713.184692
  713.344238
  713.346008
  713.434387
  713.434998
  713.435181
  713.435486
  713.599304
  713.602356
  713.603149
  713.603333
  713.687927
  713.689636
  717.30365
  717.30426
  717.308411
  717.308777
  717.308838
  717.309326
  717.644775
  717.645142
  719.19696
  719.216736
  719.21759
  719.266724
  719.268677
  719.276855
  719.281189
  719.28772
  724.816406
  724.817017
  724.817688
  724.818481
  724.818848
  724.819031
  724.829651
  724.830139
  724.831299
  724.831848
  724.840393
  724.841003
  724.842041
  724.842407
  724.854431
  724.85498
  730.295837
  730.347107
  730.355591
  730.367676
  730.374084
  730.375793
  730.387268
  730.393494
  731.728516
  731.72937
  731.734314
  731.735535
  731.753235
  731.753906
  731.758362
  731.758911
  731.760498
  731.760986
  731.777039
  731.77771
  731.780579
  731.781189
  731.783386
  731.784363
  733.711121
  733.711731
  733.730225
  733.73114
  733.732727
  733.733276
  733.74115
  733.74176
  733.980408
  733.981018
  733.985352
  733.985901
  733.986938
  733.98761
  734.052551
  734.053467
  746.172974
  746.173096
  746.243225
  746.243652
  746.243958
  746.244141
  746.249512
  746.249878
  746.255554
  746.255615
  746.381348
  746.382141
  746.382568
  746.382812
  746.473572
  746.475159
  747.860596
  747.861389
  748.031433
  748.031616
  748.036621
  748.036682
  748.036865
  748.037354
  748.220581
  748.220886
  748.23175
  748.23175
  748.231995
  748.231995
  748.602539
  748.602844
  749.510925
  749.511414
  749.572815
  749.572876
  749.573364
  749.573669
  749.717224
  749.717896
  749.71814
  749.718262
  749.790466
  749.790649
  749.79425
  749.794556
  749.813965
  749.814148
  750.127258
  750.12854
  750.137024
  750.137695
  750.138
  750.139099
  750.164307
  750.165344
  750.207764
  750.209961
  750.239807
  750.240784
  750.242371
  750.243347
  750.24884
  750.251648
  754.430237
  754.430542
  754.435669
  754.436157
  754.444153
  754.444641
  754.449097
  754.449585
  754.449829
  754.450195
  754.453308
  754.453674
  754.453918
  754.454285
  754.457275
  754.458618
  760.897339
  760.967651
  760.968445
  760.982361
  760.989685
  761.106689
  761.107788
  761.197327
  769.18158
  769.18158
  769.203064
  769.203125
  769.208313
  769.208435
  769.21167
  769.212402
  769.220093
  769.220581
  769.224304
  769.225098
  769.228027
  769.22821
  769.247925
  769.24884
  775.436707
  775.437378
  775.439087
  775.439636
  775.440002
  775.440796
  775.515076
  775.516541
  775.839233
  775.840454
  775.855103
  775.855408
  775.856079
  775.856812
  775.860474
  775.860718
  775.863892
  775.863953
  775.866516
  775.866699
  775.870178
  775.870667
  775.876465
  775.876892
  775.982178
  775.983215
  776.449524
  776.44989
  776.450439
  776.451172
  776.451782
  776.453186
  785.248291
  785.248596
  785.261963
  785.262817
  785.266418
  785.266968
  785.317017
  785.317871
  785.318848
  785.319214
  785.43988
  785.44104
  785.441162
  785.441528
  785.494141
  785.494812
  792.490967
  792.491211
  792.657471
  792.658386
  792.65863
  792.659729
  792.660156
  792.660217
  792.824341
  792.824707
  792.835999
  792.836121
  792.836426
  792.836365
  793.156067
  793.156189
  795.888
  795.88916
  795.969299
  795.970337
  795.971497
  795.97168
  796.079651
  796.080383
  796.08075
  796.081848
  796.163025
  796.164001
  796.236511
  796.23761
  796.261597
  796.262939
  800.634644
  800.654114
  800.659668
  800.665161
  800.668457
  800.671936
  800.685486
  800.694641
  801.697693
  801.700806
  801.701416
  801.702515
  801.785828
  801.785828
  801.788879
  801.789551
  808.404419
  808.404846
  808.412231
  808.41272
  808.521973
  808.522461
  808.583984
  808.584778
  808.585449
  808.585938
  808.711792
  808.711975
  808.712708
  808.713318
  808.769958
  808.770569
  809.566895
  809.613892
  809.616028
  809.629761
  809.630432
  809.632446
  809.633301
  809.637085
  809.638489
  809.639343
  809.639709
  809.641479
  809.643188
  809.643555
  809.64502
  809.65564
  809.657715
  809.76001
  809.760742
  809.765259
  809.893127
  809.905945
  809.907166
  810.220581
  812.749268
  812.749329
  812.750122
  812.750793
  812.753601
  812.753662
  812.992737
  812.993896
  829.092529
  829.093262
  829.137207
  829.138123
  829.138367
  829.138733
  829.242065
  829.242126
  829.242249
  829.242676
  829.290344
  829.29126
  829.3255
  829.325745
  829.329651
  829.329834
  838.110657
  838.206848
  838.214722
  838.237366
  838.431091
  838.44458
  838.452942
  838.534729
  839.15918
  839.15979
  839.163208
  839.163391
  839.177246
  839.177368
  839.211975
  839.212585
  839.21283
  839.213806
  839.316223
  839.316223
  839.316833
  839.317688
  839.362061
  839.362061
  847.395691
  847.395874
  847.402954
  847.403564
  847.405029
  847.405212
  847.406494
  847.407043
  847.41095
  847.411926
  847.417725
  847.41803
  847.420776
  847.42157
  847.422729
  847.423462
  853.915039
  853.937622
  853.952881
  853.972778
  853.973328
  854.080566
  854.082703
  854.124451
  854.565002
  854.567444
  854.572571
  854.574219
  854.575012
  854.575684
  854.576965
  854.578003
  854.579163
  854.580505
  854.583252
  854.584412
  854.585754
  854.587708
  854.59436
  854.597473
  855.080078
  855.080261
  855.080933
  855.081665
  855.082947
  855.083679
  855.126099
  855.126953
  855.661133
  855.661865
  856.039978
  856.040222
  856.04071
  856.041321
  856.050537
  856.051453
  863.43396
  863.434814
  863.436401
  863.437134
  863.441467
  863.441772
  863.443909
  863.444275
  863.445374
  863.445679
  863.445923
  863.446411
  863.451355
  863.451782
  863.457825
  863.458801
  873.957764
  873.959045
  873.963196
  873.963806
  873.964661
  873.966187
  873.968323
  873.970276
  874.269043
  874.270752
  874.274597
  874.275757
  874.276001
  874.277954
  874.283691
  874.285767
  875.230957
  875.231079
  875.273804
  875.274231
  875.274597
  875.275024
  875.36676
  875.367065
  875.367126
  875.367737
  875.418457
  875.418579
  875.434204
  875.434326
  875.442688
  875.443298
  876.287598
  876.288025
  876.369446
  876.36969
  876.369751
  876.370605
  876.456604
  876.458069
  876.458618
  876.458679
  876.523682
  876.524048
  876.599121
  876.599854
  876.606323
  876.60675
  879.489624
  879.492737
  879.494568
  879.496216
  879.498413
  879.517517
  879.517883
  879.520325
  880.439636
  880.439819
  880.476135
  880.477539
  880.484314
  880.485168
  880.489685
  880.490906
  880.684387
  880.684387
  880.692322
  880.692505
  880.69635
  880.696594
  880.741577
  880.741699
  885.177551
  885.178345
  885.237
  885.23822
  885.242065
  885.242493
  885.242798
  885.243103
  885.82135
  885.830933
  885.837646
  885.839172
  885.851807
  885.856079
  885.857544
  885.870056
  885.919556
  885.920044
  885.921265
  885.922546
  885.922546
  885.923218
  885.923645
  885.924255
  886.025635
  886.026062
  886.026428
  886.026794
  886.0271
  886.027405
  886.038208
  886.03833
  886.038513
  886.038696
  886.041016
  886.04187
  886.05426
  886.054749
  886.055847
  886.056152
  889.295898
  889.296326
  889.301331
  889.301514
  889.402588
  889.403076
  889.449097
  889.449524
  889.450317
  889.451233
  889.554199
  889.55481
  889.555176
  889.556335
  889.606323
  889.60675
  890.482971
  890.483154
  890.484558
  890.485046
  890.490356
  890.490723
  890.491089
  890.491272
  890.491638
  890.492004
  890.493164
  890.493408
  890.493774
  890.494019
  890.494202
  890.494568
  891.861938
  891.906799
  891.907776
  891.995239
  891.995972
  892.042175
  892.057007
  892.058533
  892.573853
  892.574158
  892.574463
  892.574585
  892.574768
  892.575439
  892.576233
  892.576904
  893.7901
  893.79126
  893.791504
  893.791992
  893.791931
  893.79248
  893.997986
  894.000305
  903.427979
  903.429077
  903.43103
  903.432312
  903.435486
  903.43634
  903.456177
  903.457336
  903.457336
  903.458801
  903.465881
  903.466614
  903.467773
  903.468445
  903.473267
  903.474609
  904.981323
  904.982544
  904.982971
  904.983459
  904.983521
  904.984314
  905.029358
  905.030701
  905.559875
  905.560242
  905.874023
  905.875
  905.876099
  905.876099
  905.885498
  905.887024
  922.20697
  922.209839
  922.210144
  922.267395
  922.802795
  923.083374
  923.086243
  923.092163
  927.422607
  927.423218
  927.488403
  927.488647
  927.489868
  927.490845
  927.565674
  927.565674
  927.566101
  927.566589
  927.614868
  927.615051
  927.674805
  927.674988
  927.684021
  927.684143
  930.213318
  930.24115
  930.251648
  930.257996
  930.264465
  930.272339
  930.277222
  930.306458
  933.90033
  933.908264
  933.912476
  933.931824
  933.936829
  933.939087
  933.943604
  933.946777
  939.399597
  939.415344
  939.420288
  939.45343
  939.69928
  939.746643
  939.753052
  939.761902
  940.994507
  940.995117
  941.005371
  941.006226
  941.079651
  941.080383
  941.122131
  941.122314
  941.122681
  941.122681
  941.205505
  941.206116
  941.207703
  941.208313
  941.250366
  941.250549
  944.982788
  945.034485
  945.037476
  945.106567
  945.107178
  945.147949
  945.190552
  945.206726
  945.644104
  945.644409
  945.644714
  945.645447
  945.649353
  945.649902
  945.814575
  945.815063
  956.562256
  956.562866
  956.575256
  956.576782
  956.580627
  956.580627
  956.583923
  956.584961
  956.585144
  956.586304
  956.591919
  956.593994
  956.596863
  956.597046
  956.609985
  956.610291
  958.711609
  958.727478
  958.778381
  958.822754
  958.824036
  958.894592
  958.8974
  958.933411
  961.684631
  961.685486
  961.696655
  961.697632
  961.703003
  961.703247
  961.710266
  961.710754
  961.841431
  961.843628
  961.853271
  961.854187
  961.854858
  961.855103
  961.860168
  961.86145
  963.400391
  963.401062
  963.410278
  963.547607
  974.064697
  974.066467
  974.071777
  974.072388
  974.078979
  974.079346
  974.082764
  974.083252
  974.085449
  974.085815
  974.089844
  974.090698
  974.093628
  974.095276
  974.107239
  974.108276
  1004.7356
  1004.74115
  1004.74811
  1004.755
  1004.75818
  1004.76526
  1004.77411
  1004.78198
  1034.8291
  1034.82935
  1034.86145
  1034.86597
  1034.87134
  1034.8739
  1034.88025
  1034.88318
  1034.95007
  1034.95105
  1034.95935
  1034.96228
  1034.96301
  1034.96399
  1034.99097
  1034.99146
  1052.51807
  1052.52002
  1052.52466
  1052.52466
  1052.53442
  1052.53467
  1052.53479
  1052.53503
  1052.53552
  1052.53601
  1052.53821
  1052.53821
  1052.54138
  1052.54224
  1052.54224
  1052.5426
  1053.38269
  1053.38354
  1053.39233
  1053.39319
  1053.39648
  1053.39685
  1053.39929
  1053.40088
  1053.40259
  1053.40344
  1053.40527
  1053.40576
  1053.40637
  1053.40747
  1053.41187
  1053.41248
  1062.3894
  1062.39636
  1062.39893
  1062.41199
  1062.46118
  1062.47681
  1062.48206
  1062.49048
  1068.08813
  1068.08984
  1068.09119
  1068.09167
  1068.09204
  1068.09424
  1068.09619
  1068.09741
  1068.09839
  1068.10022
  1068.10376
  1068.1051
  1068.1051
  1068.10669
  1068.11243
  1068.11316
  1073.89575
  1073.89624
  1073.89697
  1073.89734
  1073.89893
  1073.89978
  1073.90698
  1073.90747
  1073.90833
  1073.90833
  1073.90894
  1073.91052
  1073.91614
  1073.91748
  1073.91895
  1073.9198
  1093.05505
  1093.05664
  1093.07263
  1093.07446
  1093.07471
  1093.07544
  1093.07556
  1093.07666
  1093.94727
  1093.94934
  1093.95654
  1093.95837
  1093.95862
  1093.95898
  1093.95972
  1093.96033
  1095.91699
  1095.91943
  1095.92761
  1095.9292
  1095.93408
  1095.93542
  1095.93567
  1095.93677
  1096.00061
  1096.00232
  1096.01062
  1096.01135
  1096.01196
  1096.01245
  1096.01831
  1096.01978
  1106.29663
  1106.30359
  1106.30579
  1106.3114
  1106.31213
  1106.31592
  1106.3175
  1106.31824
  1113.78296
  1113.78455
  1113.78467
  1113.78491
  1113.7854
  1113.78564
  1113.78601
  1113.7865
  1113.7865
  1113.78735
  1113.78821
  1113.78894
  1113.79468
  1113.79504
  1113.79565
  1113.79602
  1113.92004
  1113.92126
  1113.93018
  1113.93079
  1113.93665
  1113.93701
  1113.94116
  1113.94202
  1113.98645
  1113.98682
  1114.00061
  1114.00122
  1114.00818
  1114.00989
  1114.0199
  1114.02124
  1114.38586
  1114.38635
  1114.40417
  1114.40503
  1114.4104
  1114.41089
  1114.41382
  1114.41602
  1114.41687
  1114.41785
  1114.41931
  1114.42114
  1114.42163
  1114.42236
  1114.42688
  1114.42847
  1128.35925
  1128.36108
  1128.36182
  1128.36328
  1128.3645
  1128.36475
  1128.36487
  1128.36536
  1128.36621
  1128.36633
  1128.36682
  1128.36719
  1128.36804
  1128.36841
  1128.36877
  1128.37012
  1129.71643
  1129.71655
  1129.72388
  1129.72449
  1129.7312
  1129.73181
  1129.73218
  1129.73279
  1129.73474
  1129.73596
  1129.74097
  1129.74133
  1129.74219
  1129.74231
  1129.7428
  1129.74292
  1133.64441
  1133.64502
  1133.64526
  1133.64661
  1133.64722
  1133.64844
  1133.64893
  1133.64941
  1141.11047
  1141.11536
  1141.11902
  1141.12695
  1141.13135
  1141.13757
  1141.13818
  1141.14685
  1142.80261
  1142.80408
  1142.80945
  1142.81091
  1142.81616
  1142.8175
  1142.81897
  1142.81995
  1142.82031
  1142.8208
  1142.82141
  1142.82251
  1142.82495
  1142.8269
  1142.82788
  1142.82874
  1152.23193
  1152.2334
  1152.23828
  1152.23938
  1152.24426
  1152.24597
  1152.24756
  1152.24866
  1152.24902
  1152.24988
  1152.25195
  1152.25281
  1152.25452
  1152.25549
  1152.25757
  1152.25952
  1171.8125
  1171.81934
  1171.82483
  1171.85632
  1171.86084
  1171.91089
  1171.91772
  1171.91833
  1172.97595
  1172.97754
  1172.98474
  1172.98572
  1172.99231
  1172.99353
  1172.9939
  1172.99451
  1172.99463
  1172.99634
  1173.00427
  1173.00537
  1173.00647
  1173.00684
  1173.00928
  1173.01074
  1178.49719
  1178.49939
  1178.50427
  1178.50671
  1178.50903
  1178.51318
  1178.52515
  1178.5282
  1178.55017
  1178.55103
  1178.57202
  1178.57288
  1178.58228
  1178.58289
  1178.5896
  1178.59058
  1202.17407
  1202.18201
  1202.18665
  1202.20874
  1202.2113
  1202.21436
  1202.21838
  1202.22302
  1205.44849
  1205.45044
  1205.45715
  1205.48987
  1205.56689
  1205.62756
  1205.63306
  1205.6366
  1222.10352
  1222.11438
  1222.11621
  1222.13635
  1222.1394
  1222.15259
  1222.1532
  1222.1554
  1232.96973
  1232.97473
  1232.98413
  1232.98608
  1232.99426
  1233.00049
  1233.00391
  1233.00781
  1233.71838
  1233.7218
  1233.72546
  1233.73572
  1233.73645
  1233.75012
  1233.75427
  1233.76038
  1257.4917
  1257.49573
  1257.51074
  1257.52197
  1257.52307
  1257.53235
  1257.53284
  1257.54333
  1265.59094
  1265.59167
  1265.59509
  1265.63318
  1265.87146
  1265.87573
  1265.8783
  1265.88916
  1289.39185
  1289.39441
  1289.39758
  1289.40039
  1289.4021
  1289.4032
  1289.40466
  1289.40515
  1289.40576
  1289.40625
  1289.40759
  1289.40771
  1289.40796
  1289.40955
  1289.41016
  1289.4115
  1291.65833
  1291.65979
  1291.66028
  1291.70081
  1292.61096
  1292.61755
  1292.62866
  1292.6311
  1292.63159
  1292.63831
  1292.64075
  1292.64111
  1293.56482
  1293.56494
  1293.56543
  1293.60413
  1295.13721
  1295.14014
  1295.16565
  1295.16626
  1295.16943
  1295.17603
  1295.17651
  1295.17676
  1306.13342
  1306.13513
  1306.14404
  1306.14551
  1306.151
  1306.15186
  1306.15283
  1306.15332
  1306.15466
  1306.15491
  1306.15723
  1306.15845
  1306.15881
  1306.15906
  1306.15942
  1306.16101
  1315.49585
  1315.49866
  1315.50256
  1315.50317
  1315.505
  1315.50549
  1315.50623
  1315.50781
  1315.63818
  1315.64014
  1315.6438
  1315.64453
  1315.64685
  1315.64819
  1315.64978
  1315.65186
  1316.84363
  1316.85144
  1316.85205
  1316.86975
  1316.87231
  1316.87683
  1316.90027
  1316.90271
  1320.19604
  1320.19934
  1320.22913
  1320.2334
  1320.2356
  1320.24658
  1320.24805
  1320.25305
  1325.01086
  1325.05334
  1325.05347
  1325.0542
  1337.49731
  1337.50635
  1337.50854
  1337.52795
  1337.52832
  1337.53882
  1337.56421
  1337.56665
  1343.37012
  1343.41675
  1343.41797
  1343.41797
  1354.06177
  1354.06433
  1354.06445
  1354.06714
  1354.0675
  1354.06921
  1354.07019
  1354.07056
  1354.07117
  1354.07178
  1354.07288
  1354.07385
  1354.0752
  1354.07544
  1354.07751
  1354.07788
  1357.24243
  1357.24377
  1357.25366
  1357.25488
  1357.25916
  1357.26062
  1357.26135
  1357.26294
  1357.26416
  1357.26489
  1357.26562
  1357.26624
  1357.26965
  1357.27148
  1357.27722
  1357.27844
  1359.05957
  1359.0802
  1359.0824
  1359.08521
  1359.09131
  1359.09692
  1359.10376
  1359.10596
  1360.4165
  1360.41699
  1360.43542
  1360.43628
  1360.43726
  1360.43774
  1360.43811
  1360.44019
  1360.44922
  1360.45032
  1360.45166
  1360.453
  1360.46033
  1360.46106
  1360.46118
  1360.46301
  1363.92041
  1363.92224
  1363.9408
  1363.94275
  1363.94653
  1363.948
  1363.948
  1363.95056
  1363.95227
  1363.95374
  1363.95557
  1363.95593
  1363.96021
  1363.96069
  1363.97144
  1363.97266
  1386.53333
  1386.53418
  1386.53955
  1386.54163
  1386.54773
  1386.54895
  1386.54907
  1386.55042
  1386.55273
  1386.5531
  1386.55371
  1386.55457
  1386.55737
  1386.55908
  1386.56702
  1386.56738
  1393.57007
  1393.57214
  1393.57312
  1393.57581
  1393.57593
  1393.57593
  1393.57629
  1393.578
  1393.57837
  1393.57886
  1393.5802
  1393.58044
  1393.58105
  1393.58374
  1393.58716
  1393.58899
  1404.32849
  1404.32898
  1404.34106
  1404.34265
  1404.34839
  1404.349
  1404.35181
  1404.35181
  1404.35254
  1404.35291
  1404.35474
  1404.35596
  1404.35608
  1404.35681
  1404.3573
  1404.35742
  1419.12341
  1419.12427
  1419.13391
  1419.13452
  1419.14514
  1419.14612
  1419.14746
  1419.14807
  1419.14917
  1419.15051
  1419.15234
  1419.15283
  1419.15845
  1419.15857
  1419.15869
  1419.15918
  1420.99866
  1421.00916
  1421.021
  1421.02344
  1421.02637
  1421.02722
  1421.03052
  1421.0321
  1426.1228
  1426.12427
  1426.13306
  1426.13391
  1426.13855
  1426.13965
  1426.14355
  1426.14478
  1426.24402
  1426.24512
  1426.25232
  1426.2533
  1426.25574
  1426.25781
  1426.2749
  1426.27747
  1429.4928
  1429.49548
  1429.50439
  1429.50647
  1429.50708
  1429.50818
  1429.51099
  1429.51331
  1430.64758
  1430.64966
  1430.65503
  1430.65674
  1430.6582
  1430.65991
  1430.6615
  1430.66333
  1450.94507
  1450.94543
  1450.95337
  1450.95483
  1450.96277
  1450.96301
  1450.96533
  1450.96533
  1450.96643
  1450.96692
  1450.9729
  1450.97351
  1450.97388
  1450.97449
  1450.97485
  1450.97571
  1460.948
  1460.94897
  1460.94897
  1460.94995
  1460.95068
  1460.95142
  1460.95422
  1460.95532
  1460.95642
  1460.95715
  1460.95862
  1460.95935
  1460.96802
  1460.96912
  1460.97095
  1460.97278
  1466.10864
  1466.10876
  1466.10913
  1466.11047
  1466.11694
  1466.11829
  1466.1189
  1466.11975
  1466.12061
  1466.12097
  1466.1228
  1466.1239
  1466.12439
  1466.12524
  1466.12671
  1466.12891
  1471.52441
  1471.52454
  1471.53174
  1471.53174
  1471.547
  1471.54736
  1471.54761
  1471.54822
  1471.54944
  1471.5498
  1471.55798
  1471.55798
  1471.56006
  1471.5603
  1471.56116
  1471.56128
  1474.40088
  1474.41101
  1474.42041
  1474.42761
  1474.42773
  1474.43469
  1474.43726
  1474.4386
  1483.07324
  1483.07507
  1483.07556
  1483.07739
  1483.08508
  1483.08777
  1483.09106
  1483.09241
  1483.09265
  1483.09399
  1483.10071
  1483.10071
  1483.10266
  1483.10327
  1483.10632
  1483.10803
  1491.56934
  1491.56982
  1491.57007
  1491.57092
  1491.57129
  1491.57129
  1491.59326
  1491.5946
  1493.81445
  1493.8147
  1493.82654
  1493.82849
  1493.83472
  1493.83557
  1493.85425
  1493.85498
  1493.8562
  1493.85645
  1493.88098
  1493.88159
  1493.89307
  1493.89331
  1493.89429
  1493.89478
  1503.33813
  1503.33899
  1503.34766
  1503.34851
  1503.35046
  1503.35107
  1503.35217
  1503.35291
  1503.35681
  1503.35791
  1503.35986
  1503.36096
  1503.36121
  1503.36304
  1503.36609
  1503.36621
  1515.0835
  1515.08411
  1515.10535
  1515.10571
  1515.1062
  1515.10657
  1515.11951
  1515.11987
  1515.12109
  1515.12231
  1515.12244
  1515.12268
  1515.12842
  1515.12842
  1515.13965
  1515.14038
  1518.00562
  1518.026
  1518.03308
  1518.03406
  1518.03564
  1518.05383
  1518.06287
  1518.07336
  1530.83069
  1530.83215
  1530.83228
  1530.83337
  1530.84558
  1530.84644
  1530.84851
  1530.85034
  1530.85315
  1530.85425
  1530.86475
  1530.86536
  1530.86597
  1530.86768
  1530.86975
  1530.87109
  1536.22559
  1536.22632
  1536.23071
  1536.23108
  1536.23425
  1536.23474
  1536.25305
  1536.25366
  1536.87708
  1536.87817
  1536.91309
  1536.91345
  1536.92371
  1536.92407
  1536.92517
  1536.92627
  1549.48132
  1549.48145
  1549.48425
  1549.48523
  1549.49927
  1549.49915
  1549.50037
  1549.5011
  1549.50684
  1549.50745
  1549.51257
  1549.51318
  1549.51587
  1549.51587
  1549.51709
  1549.51782
  1551.88245
  1551.88586
  1551.89844
  1551.90356
  1551.91064
  1551.91663
  1551.91797
  1551.92224
  1561.16272
  1561.16479
  1561.19019
  1561.19141
  1561.19189
  1561.19287
  1561.19812
  1561.20007
  1561.20032
  1561.20154
  1561.20264
  1561.20459
  1561.21155
  1561.21375
  1561.21802
  1561.21936
  1565.08887
  1565.08887
  1565.09143
  1565.09216
  1565.09448
  1565.09521
  1565.11218
  1565.11267
  1565.11279
  1565.11353
  1565.12598
  1565.12634
  1565.12634
  1565.12671
  1565.12854
  1565.12866
  1575.11414
  1575.1145
  1575.14673
  1575.14783
  1575.14807
  1575.14868
  1575.15112
  1575.1521
  1575.15833
  1575.15894
  1575.16211
  1575.16211
  1575.16345
  1575.16418
  1575.16504
  1575.16553
  1576.7616
  1576.79077
  1576.79431
  1576.8031
  1576.80627
  1576.81116
  1576.81311
  1576.82239
  1584.01257
  1584.01489
  1584.04126
  1584.04395
  1584.05481
  1584.05652
  1584.05994
  1584.06226
  1584.50684
  1584.51001
  1584.51562
  1584.51746
  1584.51819
  1584.51965
  1584.5531
  1584.55518
  1588.80359
  1588.80505
  1588.8252
  1588.82568
  1588.82739
  1588.82764
  1588.83191
  1588.83276
  1588.83411
  1588.83472
  1588.84167
  1588.84302
  1588.8512
  1588.85132
  1588.86145
  1588.86145
  1592.53821
  1592.5387
  1592.5741
  1592.57495
  1592.57935
  1592.58105
  1592.58142
  1592.5824
  1593.39807
  1593.39868
  1593.40625
  1593.40747
  1593.41089
  1593.41223
  1593.4314
  1593.43323
  1593.50305
  1593.53687
  1593.54712
  1593.55017
  1594.39758
  1594.40784
  1594.41724
  1594.45447
  1599.85913
  1599.86084
  1599.8689
  1599.87073
  1599.87341
  1599.87463
  1599.87708
  1599.87842
  1599.8866
  1599.88794
  1599.89954
  1599.90137
  1599.90344
  1599.90527
  1599.9187
  1599.92041
  1604.25818
  1604.2583
  1604.26245
  1604.26392
  1604.27026
  1604.27124
  1604.27441
  1604.27539
  1604.28455
  1604.28503
  1604.29993
  1604.30005
  1604.30408
  1604.30518
  1604.31665
  1604.31787
  1604.80701
  1604.81848
  1604.83203
  1604.83557
  1604.85828
  1604.86475
  1604.87402
  1604.88147
  1606.60193
  1606.60254
  1606.60315
  1606.60364
  1606.6051
  1606.60559
  1606.64905
  1606.65015
  1607.35425
  1607.37817
  1607.38318
  1607.39026
  1608.05212
  1608.05298
  1608.08093
  1608.08142
  1608.0968
  1608.09753
  1608.09863
  1608.09949
  1608.51294
  1608.51611
  1608.5564
  1608.55798
  1608.55859
  1608.56177
  1608.56323
  1608.5647
  1608.56628
  1608.56653
  1608.56763
  1608.56812
  1608.57593
  1608.57788
  1608.58105
  1608.58337
  1609.10291
  1609.10828
  1609.1322
  1609.13525
  1609.13696
  1609.1377
  1609.14099
  1609.14282
  1609.22913
  1609.23267
  1609.23462
  1609.23669
  1609.23828
  1609.24011
  1609.26111
  1609.26428
  1609.66833
  1609.67017
  1609.69873
  1609.70105
  1609.71594
  1609.71851
  1609.71997
  1609.72217
  1610.32056
  1610.32104
  1610.36304
  1610.36304
  1610.36389
  1610.36414
  1610.36707
  1610.36951
  1610.37195
  1610.37317
  1610.37366
  1610.375
  1610.37964
  1610.38098
  1610.38867
  1610.38892
  1610.67236
  1610.71216
  1610.71985
  1610.72644
  1610.73193
  1610.73279
  1610.74976
  1610.75684
  1611.26941
  1611.27148
  1611.29419
  1611.29504
  1611.29565
  1611.29712
  1611.30518
  1611.30737
  1611.47339
  1611.4751
  1611.4812
  1611.48364
  1611.48608
  1611.48853
  1611.49146
  1611.49377
  1611.49548
  1611.49829
  1611.50195
  1611.50378
  1611.50513
  1611.50745
  1611.51392
  1611.5166
  1612.06165
  1612.1051
  1612.10632
  1612.11047
  1612.11316
  1612.11658
  1612.12524
  1612.13074
  1612.24768
  1612.24817
  1612.2699
  1612.27051
  1612.27356
  1612.27417
  1612.28162
  1612.28198
  1612.54248
  1612.56995
  1612.58569
  1612.58789
  1613.16406
  1613.16467
  1613.20349
  1613.20361
  1613.21045
  1613.21143
  1613.21582
  1613.21643
  1613.22083
  1613.22156
  1613.22974
  1613.23047
  1613.23669
  1613.23694
  1613.24158
  1613.24255
  1613.55029
  1613.55127
  1613.55298
  1613.55359
  1613.55981
  1613.55994
  1613.56177
  1613.56238
  1613.56458
  1613.56494
  1613.56519
  1613.56543
  1613.56738
  1613.56812
  1613.56958
  1613.56958
  1620.11475
  1620.11707
  1620.12402
  1620.12622
  1620.12817
  1620.12988
  1620.14014
  1620.14209
  1620.1449
  1620.146
  1620.14966
  1620.15149
  1620.1521
  1620.15369
  1620.16077
  1620.16248
  1622.18665
  1622.18738
  1622.19751
  1622.19788
  1622.20471
  1622.20618
  1622.20618
  1622.20691
  1622.20764
  1622.20789
  1622.21021
  1622.21057
  1622.21082
  1622.21155
  1622.21289
  1622.21301
  1623.56738
  1623.56787
  1623.58313
  1623.5835
  1623.58398
  1623.58508
  1623.58887
  1623.58899
  1623.59021
  1623.5907
  1623.59204
  1623.59204
  1623.59705
  1623.59778
  1623.60059
  1623.6012
  1623.69202
  1623.69983
  1623.70459
  1623.70642
  1623.70789
  1623.73157
  1623.73596
  1623.75269
  1624.71265
  1624.71338
  1624.71362
  1624.71411
  1624.72278
  1624.72278
  1624.72681
  1624.72742
  1624.74414
  1624.74463
  1624.75146
  1624.75146
  1624.75378
  1624.75574
  1624.77234
  1624.77271
  1629.28503
  1629.28796
  1629.29309
  1629.29504
  1629.29602
  1629.29785
  1629.29822
  1629.30054
  1629.39661
  1629.40344
  1629.40637
  1629.40637
  1629.40845
  1629.41187
  1629.41248
  1629.41504
  1630.92859
  1630.92908
  1630.93372
  1630.93433
  1630.93457
  1630.9364
  1630.93799
  1630.93848
  1630.93994
  1630.94153
  1630.94275
  1630.94324
  1630.94458
  1630.94458
  1630.94641
  1630.94775
  1632.02246
  1632.02637
  1632.0304
  1632.03369
  1632.03442
  1632.03894
  1632.04541
  1632.04956
  1632.05261
  1632.05542
  1632.06262
  1632.06628
  1632.06812
  1632.07117
  1632.07141
  1632.07458
  1632.74744
  1632.74963
  1632.75256
  1632.75269
  1632.75525
  1632.75757
  1632.79956
  1632.80469
  1632.88806
  1632.88977
  1632.93677
  1632.93848
  1632.94116
  1632.94275
  1632.94446
  1632.94556
  1633.40955
  1633.4137
  1633.41577
  1633.41748
  1633.41956
  1633.42017
  1633.42078
  1633.42273
  1633.42322
  1633.42346
  1633.42468
  1633.42639
  1633.42773
  1633.42822
  1633.43042
  1633.43225
  1634.38818
  1634.38904
  1634.39087
  1634.39172
  1634.3938
  1634.39465
  1634.401
  1634.40112
  1634.40796
  1634.40869
  1634.41248
  1634.41309
  1634.41638
  1634.4176
  1634.4209
  1634.42188
  1636.28333
  1636.28418
  1636.31006
  1636.31116
  1636.31995
  1636.32166
  1636.32336
  1636.32495
  1636.53467
  1636.56458
  1636.57043
  1636.57324
  1636.97913
  1636.97998
  1636.98474
  1636.98584
  1636.9884
  1636.98901
  1637.02075
  1637.02173
  1637.35632
  1637.36597
  1637.37158
  1637.3844
  1639.07349
  1639.07556
  1639.07959
  1639.08044
  1639.08215
  1639.0835
  1639.08423
  1639.08496
  1639.08838
  1639.0896
  1639.09106
  1639.09229
  1639.09436
  1639.09668
  1639.09705
  1639.10034
  1639.71924
  1639.71948
  1639.72131
  1639.7218
  1639.72961
  1639.72998
  1639.73108
  1639.73181
  1639.73303
  1639.73303
  1639.73767
  1639.73792
  1639.73926
  1639.73987
  1639.74023
  1639.74048
  1640.12122
  1640.12488
  1640.12573
  1640.12988
  1640.13245
  1640.1333
  1640.13501
  1640.1366
  1640.13708
  1640.13794
  1640.13818
  1640.13965
  1640.14038
  1640.14185
  1640.1438
  1640.14514
  1640.28894
  1640.31116
  1640.31433
  1640.31433
  1640.39856
  1640.40356
  1640.40662
  1640.42395
  1641.01318
  1641.01379
  1641.03333
  1641.03394
  1641.03601
  1641.03625
  1641.0426
  1641.0437
  1641.13025
  1641.13123
  1641.13586
  1641.13635
  1641.13782
  1641.13855
  1641.13965
  1641.13977
  1641.99329
  1641.99585
  1641.99915
  1641.99915
  1642.00183
  1642.0033
  1642.00623
  1642.00732
  1642.89624
  1642.89661
  1642.91089
  1642.91101
  1642.91467
  1642.91516
  1642.91614
  1642.91736
  1642.91724
  1642.91785
  1642.91809
  1642.9198
  1642.92151
  1642.92163
  1642.92603
  1642.92627
  1643.68848
  1643.69141
  1643.70154
  1643.70386
  1643.70618
  1643.71155
  1643.71387
  1643.7207
  1644.97998
  1644.98206
  1644.99805
  1644.99976
  1645.0033
  1645.00378
  1645.00513
  1645.00647
  1645.00696
  1645.0072
  1645.00842
  1645.00879
  1645.01562
  1645.01709
  1645.02563
  1645.02637
  1645.96729
  1645.97058
  1645.97937
  1645.98193
  1645.98303
  1645.98486
  1645.98596
  1645.98767
  1645.99011
  1645.99133
  1646.
  1646.00085
  1646.00232
  1646.0033
  1646.01062
  1646.01318
  1646.0448
  1646.04675
  1646.05029
  1646.05225
  1646.05347
  1646.05554
  1646.0675
  1646.06946
  1646.0697
  1646.07202
  1646.073
  1646.0741
  1646.07434
  1646.07544
  1646.08032
  1646.0824
  1647.6134
  1647.63647
  1647.63721
  1647.64478
  1647.6449
  1647.646
  1647.65698
  1647.66333
  1648.13281
  1648.1344
  1648.13513
  1648.1377
  1648.14661
  1648.14734
  1648.14856
  1648.14868
  1648.14954
  1648.151
  1648.15271
  1648.15479
  1648.15564
  1648.15674
  1648.16003
  1648.16162
  1649.15942
  1649.15955
  1649.16968
  1649.17334
  1649.17908
  1649.1842
  1649.18958
  1649.198
  1650.10095
  1650.10156
  1650.1051
  1650.10889
  1650.11096
  1650.11816
  1650.12097
  1650.12646
  1652.64172
  1652.64319
  1652.64331
  1652.64734
  1652.64868
  1652.64905
  1652.67065
  1652.6759
  1652.81201
  1652.81873
  1652.83972
  1652.84119
  1652.84143
  1652.84583
  1652.84717
  1652.84753
  1653.18628
  1653.18848
  1653.19373
  1653.19812
  1653.20923
  1653.21057
  1653.21924
  1653.2196
  1653.22986
  1653.23621
  1653.2406
  1653.24377
  1653.2478
  1653.25171
  1653.25806
  1653.2887
  1658.28284
  1658.28491
  1658.2887
  1658.28967
  1658.29028
  1658.2915
  1658.29468
  1658.29578
  1658.29712
  1658.29761
  1658.30273
  1658.30432
  1658.30664
  1658.30847
  1658.30933
  1658.3114
  1663.84167
  1663.84229
  1663.84363
  1663.84558
  1664.02832
  1664.02954
  1664.03015
  1664.07385
  1667.95007
  1667.95129
  1667.95154
  1667.95227
  1667.95459
  1667.95569
  1667.96997
  1667.97229
  1669.11877
  1669.12012
  1669.12366
  1669.12415
  1669.12537
  1669.1261
  1669.13257
  1669.13501
  1669.5105
  1669.5177
  1669.51929
  1669.51978
  1669.52417
  1669.526
  1669.52649
  1669.52783
  1669.53247
  1669.53296
  1669.53381
  1669.5343
  1669.53894
  1669.53918
  1669.54114
  1669.54675
  1676.49707
  1676.49829
  1676.49866
  1676.50134
  1676.51038
  1676.51208
  1676.51282
  1676.51355
  1676.51428
  1676.51611
  1676.51624
  1676.51733
  1676.51807
  1676.51965
  1676.51978
  1676.521
  1681.22144
  1681.22351
  1681.24243
  1681.24792
  1681.24817
  1681.25671
  1681.25842
  1681.26099
  1681.73083
  1681.73242
  1681.73413
  1681.7345
  1681.7356
  1681.73584
  1681.74194
  1681.74304
  1681.74353
  1681.74573
  1681.7467
  1681.74829
  1681.75525
  1681.7572
  1681.75757
  1681.75916
  1683.58447
  1683.58655
  1683.60242
  1683.60266
  1683.60364
  1683.60522
  1683.60559
  1683.60608
  1687.01917
  1687.02563
  1687.02747
  1687.02808
  1687.03064
  1687.03162
  1687.03406
  1687.0343
  1687.03662
  1687.03711
  1687.03845
  1687.03882
  1687.04541
  1687.04529
  1687.04736
  1687.05347
  1699.47424
  1699.47498
  1699.47571
  1699.47913
  1699.47949
  1699.4801
  1699.51184
  1699.51392
  1702.32166
  1702.32288
  1702.32312
  1702.32837
  1702.33008
  1702.3302
  1702.34351
  1702.34863
  1703.9259
  1703.9325
  1703.94568
  1703.94617
  1703.94702
  1703.95166
  1703.9519
  1703.95459
  1715.42542
  1715.45422
  1715.45496
  1715.45557
  1716.01208
  1716.01514
  1716.0155
  1716.01892
  1716.01917
  1716.01978
  1716.02014
  1716.02075
  1716.02271
  1716.02344
  1716.02393
  1716.02588
  1716.02625
  1716.02661
  1716.02698
  1716.03027
  1717.08691
  1717.1427
  1717.14368
  1717.14648
  1724.29211
  1724.29211
  1724.29248
  1724.2926
  1724.29358
  1724.29358
  1724.29431
  1724.29626
  1724.29858
  1724.29956
  1724.2998
  1724.30005
  1724.30066
  1724.30151
  1724.30151
  1724.30347
  1727.14648
  1727.14954
  1727.15015
  1727.15027
  1727.15466
  1727.15674
  1727.15674
  1727.15723
  1729.64758
  1729.65491
  1729.65723
  1729.672
  1729.67285
  1729.68274
  1729.7124
  1729.71252
  1738.19104
  1738.19458
  1738.21863
  1738.22998
  1738.23108
  1738.25061
  1738.25195
  1738.26453
  1741.15356
  1741.15979
  1741.16101
  1741.20764
