  5.48661632E-08
 -4.20280077E-09
 -8.08104161E-08
  2.27521539E-08
  3.06730552E-09
 -1.07779549E-07
  2.12667235E-08
  3.94660749E-09
  1.03757579E-07
 -6.49385399E-08
 -3.82529493E-08
 -6.81283119E-09
 -6.53025367E-08
 -3.78074958E-08
  1.35963312E-08
  1.44224002E-08
  1.6682506E-08
 -1.06336984E-07
  1.40002072E-08
  1.72534254E-08
  1.02401025E-07
  2.43663845E-08
  4.93634218E-08
  8.58344151E-08
  2.32974777E-08
  5.11396507E-08
 -8.05772871E-08
 -5.83668935E-08
 -9.98735317E-08
 -2.76656942E-09
 -5.88000795E-08
 -9.93279556E-08
 -2.21420604E-10
  3.14666515E-08
  4.52407782E-08
  8.58387423E-08
  3.16876694E-08
  4.52905589E-08
 -8.10084657E-08
  8.65190675E-09
  2.10439648E-08
 -1.07684407E-07
  8.70365113E-09
  2.09357403E-08
  1.04159213E-07
  3.88736092E-12
 -7.57522542E-08
 -7.52278684E-09
  3.87796436E-12
 -7.56461489E-08
  1.27171713E-08
 -8.65580319E-09
  2.10438102E-08
 -1.07686368E-07
 -8.70754757E-09
  2.09355981E-08
  1.04161188E-07
 -3.14656035E-08
  4.52386821E-08
  8.58394742E-08
 -3.16866569E-08
  4.52884841E-08
 -8.10091194E-08
  5.83658029E-08
 -9.9872004E-08
 -2.76705325E-09
  5.87998166E-08
 -9.93298528E-08
 -2.21634058E-10
 -2.43968845E-08
  4.92567871E-08
  8.57665157E-08
 -2.32973427E-08
  5.11416545E-08
 -8.05797455E-08
 -1.43774388E-08
  1.65059184E-08
 -1.06315277E-07
 -1.46261945E-08
  1.68068901E-08
  1.02033347E-07
  6.60079706E-08
 -3.71576085E-08
 -6.66756472E-09
  6.4511859E-08
 -3.80627547E-08
  1.33475426E-08
 -2.16831957E-08
  3.78385367E-09
 -1.07753458E-07
 -2.20366179E-08
  3.53871377E-09
  1.04042321E-07
 -5.51219443E-08
 -4.48033122E-09
  8.54659419E-08
 -5.52559065E-08
 -4.49693216E-09
 -8.06359139E-08
  1.15564852E-07
 -1.38026127E-11
 -2.90202329E-09
  1.15648966E-07
 -1.38099671E-11
 -3.21929317E-10
 -5.51233121E-08
  4.49288207E-09
  8.54725783E-08
 -5.52573027E-08
  4.50952697E-09
 -8.06425433E-08
 -2.16832206E-08
 -3.78272436E-09
 -1.07754538E-07
 -2.20399183E-08
 -3.53737906E-09
  1.04043984E-07
  6.58928911E-08
  3.72154538E-08
 -6.58200294E-09
  6.45086615E-08
  3.80608327E-08
  1.33481448E-08
 -1.44150833E-08
 -1.65105885E-08
 -1.06339954E-07
 -1.50726702E-08
 -1.59921818E-08
  1.02428572E-07
 -2.31989166E-08
 -5.09829192E-08
  8.56901679E-08
 -2.32924027E-08
 -5.11346343E-08
 -8.05795608E-08
  5.83307482E-08
  9.98582337E-08
 -2.74091194E-09
  5.82898458E-08
  9.99805323E-08
 -5.72603576E-10
 -3.15188942E-08
 -4.52420217E-08
  8.57706155E-08
 -3.16883622E-08
 -4.52918414E-08
 -8.10094249E-08
 -8.65588756E-09
 -2.10440092E-08
 -1.07686404E-07
 -8.70978756E-09
 -2.09387707E-08
  1.04161572E-07
  1.79074344E-12
  7.57430243E-08
 -7.52560325E-09
  4.14275428E-12
  7.56457439E-08
  1.27171802E-08
  8.65234817E-09
 -2.10445137E-08
 -1.07684407E-07
  8.70405881E-09
 -2.09363105E-08
  1.04159206E-07
  3.14656603E-08
 -4.52390303E-08
  8.58389342E-08
  3.16866462E-08
 -4.52888713E-08
 -8.10086505E-08
 -5.83699311E-08
  9.98784344E-08
 -2.76659429E-09
 -5.88031561E-08
  9.93328655E-08
 -2.21444571E-10
  2.43652654E-08
 -4.93613115E-08
  8.58345217E-08
  2.32983712E-08
 -5.11416083E-08
 -8.05793761E-08
  1.43990828E-08
 -1.6544762E-08
 -1.06333907E-07
  1.40029908E-08
 -1.72582286E-08
  1.02400612E-07
 -6.49697611E-08
  3.82804224E-08
 -6.77368384E-09
 -6.45199947E-08
  3.8066716E-08
  1.33475204E-08
  2.17189502E-08
 -3.8164405E-09
 -1.07734721E-07
  2.15705338E-08
 -3.99664124E-09
  1.03733043E-07
  5.51427846E-08
  4.4637285E-09
  8.54239559E-08
  5.52656196E-08
  4.50841098E-09
 -8.06422591E-08
 -1.15521445E-07
 -8.07234835E-12
 -2.9326801E-09
 -1.15651225E-07
 -1.58165391E-11
 -3.22171095E-10
  5.51803332E-08
 -4.42868586E-09
  8.54466933E-08
  5.48208519E-08
 -2.36646813E-09
 -8.20859043E-08
  2.29349943E-08
  1.18880927E-09
 -1.0469622E-07
  2.28872103E-08
  1.09572496E-09
  1.01624643E-07
 -6.54428263E-08
 -3.83976158E-08
 -7.43159712E-09
 -6.52982663E-08
 -3.84527929E-08
  1.24102222E-08
  1.28513724E-08
  1.81936048E-08
 -1.07236495E-07
  1.27072166E-08
  1.82103985E-08
  1.036219E-07
  2.56856687E-08
  4.94621339E-08
  8.5834067E-08
  2.56666794E-08
  4.96370909E-08
 -8.04555071E-08
 -6.01870838E-08
 -9.92890463E-08
 -2.37565145E-09
 -6.02027654E-08
 -9.93743328E-08
 -9.2851915E-10
  3.56573544E-08
  4.38365717E-08
  8.56066649E-08
  3.56984415E-08
  4.39290666E-08
 -8.08719918E-08
  5.68993963E-09
  2.17375682E-08
 -1.06971939E-07
  5.78204462E-09
  2.16462368E-08
  1.03896575E-07
 -2.47664077E-11
 -7.54519149E-08
 -6.87658552E-09
  2.44660764E-10
 -7.53458949E-08
  1.20706805E-08
 -7.19601134E-09
  2.15789075E-08
 -1.07814735E-07
 -7.2213755E-09
  2.1460334E-08
  1.03858973E-07
 -3.1482827E-08
  4.5050875E-08
  8.50907753E-08
 -3.18050404E-08
  4.50400464E-08
 -7.99451314E-08
  5.67388945E-08
 -1.00211523E-07
 -3.44846018E-09
  5.67015732E-08
 -1.00327554E-07
  1.18632493E-10
 -2.50275907E-08
  4.87411818E-08
  8.67293224E-08
 -2.50179895E-08
  4.88800822E-08
 -8.13164789E-08
 -1.25350832E-08
  1.92031795E-08
 -1.07343226E-07
 -1.23696395E-08
  1.92638971E-08
  1.0369434E-07
  6.49218492E-08
 -3.91306898E-08
 -7.56206386E-09
  6.49484164E-08
 -3.8897543E-08
  1.29403768E-08
 -2.27073116E-08
  1.47513624E-09
 -1.06189248E-07
 -2.2775863E-08
  1.33510114E-09
  1.02088187E-07
 -5.48240742E-08
 -2.40345166E-09
  8.6902439E-08
 -5.49856729E-08
 -2.61155209E-09
 -8.1673015E-08
  1.15950208E-07
  3.03779252E-10
 -2.44444776E-09
  1.15873398E-07
  2.65700378E-10
 -1.35001732E-09
 -5.52685471E-08
  5.30266231E-09
  8.54255902E-08
 -5.53693944E-08
  5.1578084E-09
 -8.05108584E-08
 -2.1819325E-08
 -4.62166971E-09
 -1.07985656E-07
 -2.1700286E-08
 -4.70481831E-09
  1.04083909E-07
  6.53874039E-08
  3.77699685E-08
 -6.96788316E-09
  6.52739303E-08
  3.76869416E-08
  1.32382372E-08
 -1.49999178E-08
 -1.55996229E-08
 -1.07952296E-07
 -1.49842361E-08
 -1.54576352E-08
  1.04094987E-07
 -2.430893E-08
 -5.00573378E-08
  8.45279828E-08
 -2.431422E-08
 -5.01908417E-08
 -7.95585322E-08
  5.93809411E-08
  9.90109825E-08
 -3.24203109E-09
  5.93868812E-08
  9.90930431E-08
  1.49103056E-11
 -3.20059037E-08
 -4.51125537E-08
  8.57712834E-08
 -3.22919753E-08
 -4.51305624E-08
 -8.07939742E-08
 -8.04417066E-09
 -2.09510063E-08
 -1.07593948E-07
 -8.05974842E-09
 -2.08319708E-08
  1.03637547E-07
 -2.69123907E-11
  7.52862661E-08
 -6.79418211E-09
  2.42578041E-10
  7.51768638E-08
  1.21877086E-08
  6.4291914E-09
 -2.11873346E-08
 -1.0664133E-07
  6.51162013E-09
 -2.10977795E-08
  1.0356608E-07
  3.51383953E-08
 -4.416286E-08
  8.56390159E-08
  3.51649305E-08
 -4.42585417E-08
 -8.11067622E-08
 -5.97747061E-08
  9.90008928E-08
 -2.06650963E-09
 -5.98366654E-08
  9.90564999E-08
 -1.13498311E-09
  2.33616273E-08
 -5.08039584E-08
  8.48499013E-08
  2.33666118E-08
 -5.09371354E-08
 -7.9880202E-08
  1.43574956E-08
 -1.63494853E-08
 -1.08277646E-07
  1.4359304E-08
 -1.6182419E-08
  1.04432964E-07
 -6.51938805E-08
  3.82255436E-08
 -7.35814831E-09
 -6.501228E-08
  3.82767205E-08
  1.34133078E-08
  2.24385719E-08
 -3.75609543E-09
 -1.05908967E-07
  2.23224994E-08
 -3.82417209E-09
  1.02496067E-07
  5.47591164E-08
  4.62899319E-09
  8.5664901E-08
  5.48429568E-08
  4.56007276E-09
 -8.11138108E-08
 -1.15901443E-07
  2.53608357E-10
 -2.7799778E-09
 -1.15983454E-07
  2.53553512E-10
 -4.17447049E-10
  5.47249428E-08
 -2.39127407E-09
  8.66187122E-08
  5.52924071E-08
 -4.44571979E-09
 -7.49856071E-08
  2.18765237E-08
  3.93944166E-09
 -1.01878079E-07
  2.14487628E-08
  3.78869647E-09
  9.70847651E-08
 -6.48972076E-08
 -3.83398522E-08
 -7.59149099E-09
 -6.5883917E-08
 -3.72584097E-08
  1.23501138E-08
  1.49228931E-08
  1.6456891E-08
 -1.01573434E-07
  1.38619702E-08
  1.72346155E-08
  9.74922045E-08
  2.43185685E-08
  4.90320495E-08
  8.61155627E-08
  2.44049136E-08
  4.95147887E-08
 -7.44936131E-08
 -5.88617652E-08
 -9.92929969E-08
  2.13032231E-10
 -5.88936011E-08
 -9.93960469E-08
 -5.55930457E-09
  3.12760129E-08
  4.52351898E-08
  8.69619754E-08
  3.15330304E-08
  4.53953355E-08
 -7.53513163E-08
  8.35449221E-09
  2.09846096E-08
 -1.01947329E-07
  8.87320439E-09
  2.07739621E-08
  9.74811627E-08
  3.87820895E-12
 -7.5773599E-08
 -7.31705097E-09
  3.90863687E-12
 -7.56966472E-08
  1.30279076E-08
 -8.35833003E-09
  2.09844497E-08
 -1.01949325E-07
 -8.87704932E-09
  2.07738218E-08
  9.74831025E-08
 -3.12755013E-08
  4.52335165E-08
  8.69626788E-08
 -3.15325401E-08
  4.53933815E-08
 -7.53523324E-08
  5.88569371E-08
 -9.92854154E-08
  2.12138765E-10
  5.88897642E-08
 -9.93920892E-08
 -5.55909807E-09
 -2.43452352E-08
  4.89190342E-08
  8.60463913E-08
 -2.44029099E-08
  4.95136234E-08
 -7.44943378E-08
 -1.49050869E-08
  1.64214349E-08
 -1.01554448E-07
 -1.45013983E-08
  1.68160685E-08
  9.71788339E-08
  6.62518076E-08
 -3.73169797E-08
 -7.49559703E-09
  6.58756889E-08
 -3.72540434E-08
  1.23501636E-08
 -2.18453913E-08
  3.90799926E-09
 -1.01898102E-07
 -2.19541239E-08
  3.36558825E-09
  9.73497976E-08
 -5.50211645E-08
 -4.31192237E-09
  8.65961454E-08
 -5.52881545E-08
 -4.44706849E-09
 -7.49852376E-08
  1.15607698E-07
 -1.37916059E-11
  4.44032977E-10
  1.15746893E-07
 -1.3792972E-11
 -5.73004177E-09
 -5.50225714E-08
  4.32453184E-09
  8.66027605E-08
 -5.52895649E-08
  4.4596713E-09
 -7.49918527E-08
 -2.18454304E-08
 -3.90692367E-09
 -1.01899161E-07
 -2.19541594E-08
 -3.36449957E-09
  9.73508705E-08
  6.62518147E-08
  3.73168234E-08
 -7.4956148E-09
  6.58756463E-08
  3.7253816E-08
  1.23502133E-08
 -1.49051491E-08
 -1.64219252E-08
 -1.01554399E-07
 -1.45014205E-08
 -1.68165055E-08
  9.71788623E-08
 -2.43451677E-08
 -4.89183947E-08
  8.60461995E-08
 -2.4402949E-08
 -4.95130799E-08
 -7.44940536E-08
  5.88604117E-08
  9.92913129E-08
  2.12730264E-10
  5.88932743E-08
  9.93980009E-08
 -5.55964164E-09
 -3.12751958E-08
 -4.52331932E-08
  8.69625651E-08
 -3.15323376E-08
 -4.53933993E-08
 -7.53520411E-08
 -8.35840197E-09
 -2.09846416E-08
 -1.0194934E-07
 -8.87711415E-09
 -2.07740225E-08
  9.74831025E-08
  4.13195693E-12
  7.57731868E-08
 -7.31706518E-09
  4.11705869E-12
  7.56961782E-08
  1.30277193E-08
  8.35480396E-09
 -2.09851141E-08
 -1.01947393E-07
  8.87356055E-09
 -2.07745288E-08
  9.7481113E-08
  3.12751673E-08
 -4.52336906E-08
  8.69620607E-08
  3.15324726E-08
 -4.53940991E-08
 -7.53515721E-08
 -5.88613212E-08
  9.92922722E-08
  2.12648815E-10
 -5.88945603E-08
  9.93999407E-08
 -5.55956747E-09
  2.4343505E-08
 -4.89156697E-08
  8.60463629E-08
  2.44011122E-08
 -4.95102555E-08
 -7.44943449E-08
  1.49049484E-08
 -1.64219589E-08
 -1.01554505E-07
  1.4501282E-08
 -1.68166512E-08
  9.71787983E-08
 -6.62519213E-08
  3.73166884E-08
 -7.49562901E-09
 -6.58758381E-08
  3.72537841E-08
  1.23501369E-08
  2.18452918E-08
 -3.90691524E-09
 -1.01899225E-07
  2.19540723E-08
 -3.36451733E-09
  9.73508421E-08
  5.50224613E-08
  4.32453851E-09
  8.66027605E-08
  5.52893873E-08
  4.45970993E-09
 -7.49919096E-08
 -1.15607854E-07
 -1.37739924E-11
  4.44001697E-10
 -1.15738438E-07
 -1.19242203E-11
 -5.72972558E-09
  5.50886803E-08
 -4.25772928E-09
  8.65598224E-08
  5.49237917E-08
 -2.51707366E-09
 -7.59693179E-08
  2.27903278E-08
  1.43574141E-09
 -1.01060472E-07
  2.286734E-08
  8.8122476E-10
  9.65974678E-08
 -6.55234658E-08
 -3.82953225E-08
 -7.43567741E-09
 -6.54793837E-08
 -3.82125265E-08
  1.31114701E-08
  1.29920519E-08
  1.78517929E-08
 -1.01515305E-07
  1.25505695E-08
  1.81953759E-08
  9.70484919E-08
  2.58035904E-08
  4.93101275E-08
  8.63392771E-08
  2.58111079E-08
  4.9604779E-08
 -7.47308491E-08
 -6.02693291E-08
 -9.92878952E-08
  9.53607637E-10
 -6.03392891E-08
 -9.94082257E-08
 -6.24013019E-09
  3.55854262E-08
  4.38093544E-08
  8.63275105E-08
  3.58842982E-08
  4.39485639E-08
 -7.47539843E-08
  5.4046585E-09
  2.17355165E-08
 -1.03335921E-07
  5.92334048E-09
  2.15249472E-08
  9.88729454E-08
  3.60135142E-12
 -7.54642286E-08
 -7.07765846E-09
 -4.43409164E-11
 -7.53827578E-08
  1.27542066E-08
 -6.84030521E-09
  2.15386127E-08
 -1.02498028E-07
 -7.47375406E-09
  2.12409592E-08
  9.81442057E-08
 -3.25732721E-08
  4.46883313E-08
  8.63272902E-08
 -3.17316875E-08
  4.51131825E-08
 -7.43253139E-08
  5.65622003E-08
 -1.0016462E-07
 -8.07654776E-11
  5.93836518E-08
 -9.93089984E-08
 -5.24085397E-09
 -2.61295945E-08
  4.80783058E-08
  8.67471996E-08
 -2.5169264E-08
  4.8806033E-08
 -7.55083391E-08
 -1.26424657E-08
  1.89164293E-08
 -1.01600186E-07
 -1.22589334E-08
  1.91918126E-08
  9.70320713E-08
  6.50737064E-08
 -3.89779622E-08
 -7.53043405E-09
  6.50040164E-08
 -3.89354646E-08
  1.32415368E-08
 -2.25954402E-08
  1.66088354E-09
 -1.00794509E-07
 -2.26811352E-08
  1.1103295E-09
  9.63338707E-08
 -5.44634062E-08
 -2.23885754E-09
  8.75932997E-08
 -5.48053585E-08
 -2.37247155E-09
 -7.59908261E-08
  1.15849041E-07
  2.98381014E-10
  4.95098573E-10
  1.15966451E-07
  2.9810901E-10
 -5.78734616E-09
 -5.48768782E-08
  4.83411888E-09
  8.64570922E-08
 -5.52002355E-08
  4.97548314E-09
 -7.48462696E-08
 -2.15716298E-08
 -5.06488274E-09
 -1.0182827E-07
 -2.16730758E-08
 -4.50964999E-09
  9.73098366E-08
  6.54312089E-08
  3.77923826E-08
 -6.94109037E-09
  6.52610979E-08
  3.77539848E-08
  1.18522907E-08
 -1.50527537E-08
 -1.50777115E-08
 -1.01997855E-07
 -1.46127217E-08
 -1.54943454E-08
  9.74512631E-08
 -2.35897311E-08
 -5.11870333E-08
  8.61583445E-08
 -2.3747738E-08
 -5.15017611E-08
 -7.46154072E-08
  5.71687231E-08
  1.01144465E-07
  3.96570499E-10
  5.72547414E-08
  1.01247096E-07
 -5.60390934E-09
 -3.11055501E-08
 -4.60731862E-08
  8.61201173E-08
 -3.12894741E-08
 -4.61622385E-08
 -7.44743858E-08
 -7.6339477E-09
 -2.08666897E-08
 -1.0218367E-07
 -8.15489365E-09
 -2.06648423E-08
  9.77162244E-08
  5.98974516E-12
  7.53004556E-08
 -7.19403648E-09
 -4.37581429E-11
  7.52207328E-08
  1.28701627E-08
  6.14363138E-09
 -2.1185361E-08
 -1.03005341E-07
  6.66232491E-09
 -2.09747668E-08
  9.85423654E-08
  3.5051972E-08
 -4.41388224E-08
  8.65623875E-08
  3.53508334E-08
 -4.42780568E-08
 -7.49888756E-08
 -5.98466343E-08
  9.90067193E-08
  1.25392863E-09
 -5.99165659E-08
  9.91270923E-08
 -6.54049703E-09
  2.34565327E-08
 -5.06475928E-08
  8.57898499E-08
  2.34653452E-08
 -5.09414413E-08
 -7.41807398E-08
  1.46768322E-08
 -1.55931588E-08
 -1.02260785E-07
  1.4229351E-08
 -1.59570988E-08
  9.77587504E-08
 -6.43318643E-08
  3.87508372E-08
 -7.06180536E-09
 -6.43638103E-08
  3.87332193E-08
  1.1917539E-08
  2.08726707E-08
 -5.84900839E-09
 -1.01655765E-07
  2.09387476E-08
 -5.26985122E-09
  9.71568497E-08
  5.54341888E-08
  5.13833021E-09
  8.62427356E-08
  5.56198287E-08
  5.36785283E-09
 -7.46425073E-08
 -1.16012636E-07
  2.60503119E-10
  5.71105441E-10
 -1.16142665E-07
  2.59473526E-10
 -5.85856474E-09
  5.46535439E-08
 -2.32787589E-09
  8.75428441E-08
  5.53035875E-08
 -5.03568964E-09
 -7.93512385E-08
  2.15065956E-08
  4.63050531E-09
 -9.92764342E-08
  2.14892797E-08
  4.69456518E-09
  9.93546649E-08
 -6.59745183E-08
 -3.73110751E-08
 -8.77769057E-09
 -6.59772397E-08
 -3.7313356E-08
  8.66702354E-09
  1.53588342E-08
  1.57644315E-08
 -9.89338176E-08
  1.54056927E-08
  1.57173154E-08
  9.90120839E-08
  2.38327527E-08
  4.9910394E-08
  7.73042572E-08
  2.3899716E-08
  4.9820212E-08
 -7.88613619E-08
 -5.89435452E-08
 -9.94343523E-08
  6.9263697E-09
 -5.89493325E-08
 -9.94437528E-08
 -7.28866345E-09
  3.21628519E-08
  4.51012987E-08
  7.81615128E-08
  3.20486571E-08
  4.51121593E-08
 -7.97175019E-08
  7.52658913E-09
  2.10515125E-08
 -9.93563702E-08
  7.49659801E-09
  2.10749018E-08
  9.9404204E-08
 -4.3044201E-12
 -7.58118333E-08
 -9.43058431E-09
 -3.17510185E-10
 -7.58234364E-08
  9.20079035E-09
 -6.75550282E-09
  2.11669704E-08
 -9.92540592E-08
 -7.54162599E-09
  2.10812505E-08
  9.94068685E-08
 -3.2169698E-08
  4.5094616E-08
  7.81376954E-08
 -3.23701315E-08
  4.50649154E-08
 -7.79810776E-08
  5.88767968E-08
 -9.94539633E-08
  7.02501923E-09
  5.89458757E-08
 -9.94351623E-08
 -7.28565164E-09
 -2.38335094E-08
  4.99120141E-08
  7.73042217E-08
 -2.3902988E-08
  4.98190786E-08
 -7.88628824E-08
 -1.53591593E-08
  1.57642202E-08
 -9.8933775E-08
 -1.54060285E-08
  1.57172071E-08
  9.90119773E-08
  6.59742341E-08
 -3.73110254E-08
 -8.77768436E-09
  6.59769057E-08
 -3.73133631E-08
  8.66704664E-09
 -2.15069633E-08
  4.63056038E-09
 -9.92763987E-08
 -2.14895817E-08
  4.69462647E-09
  9.93547005E-08
 -5.53488171E-08
 -5.13948128E-09
  7.77953915E-08
 -5.53039463E-08
 -5.03559416E-09
 -7.93512243E-08
  1.15765616E-07
 -1.37955593E-11
  7.1570927E-09
  1.15777567E-07
 -1.37954674E-11
 -7.51943308E-09
 -5.53502275E-08
  5.15207654E-09
  7.78020066E-08
 -5.53053603E-08
  5.04817699E-09
 -7.93578323E-08
 -2.15070202E-08
 -4.62956473E-09
 -9.92774716E-08
 -2.14896367E-08
 -4.69361572E-09
  9.93557876E-08
  6.59741559E-08
  3.73106914E-08
 -8.7776133E-09
  6.5976792E-08
  3.7312951E-08
  8.66703953E-09
 -1.53594097E-08
 -1.57649094E-08
 -9.89337821E-08
 -1.54062381E-08
 -1.57178484E-08
  9.90120697E-08
 -2.3833584E-08
 -4.99114776E-08
  7.73041009E-08
 -2.39028726E-08
 -4.98191355E-08
 -7.88626693E-08
  5.89082063E-08
  9.94516043E-08
  6.99647229E-09
  5.89485474E-08
  9.94420617E-08
 -7.28693283E-09
 -3.21621236E-08
 -4.509943E-08
  7.81618823E-08
 -3.20592051E-08
 -4.51381901E-08
 -7.81222056E-08
 -7.52475504E-09
 -2.1063574E-08
 -9.92580951E-08
 -7.49978391E-09
 -2.10744346E-08
  9.94080125E-08
  4.1799255E-12
  7.58100782E-08
 -9.45539824E-09
  7.20953679E-12
  7.5813972E-08
  9.34454292E-09
  7.55992957E-09
 -2.10581135E-08
 -9.93266198E-08
  7.4957649E-09
 -2.10751523E-08
  9.9404815E-08
  3.21622018E-08
 -4.51001014E-08
  7.81615626E-08
  3.20498721E-08
 -4.51130795E-08
 -7.9717438E-08
 -5.89436908E-08
  9.94343523E-08
  6.92614677E-09
 -5.894967E-08
  9.94446552E-08
 -7.28846894E-09
  2.3831717E-08
 -4.99088841E-08
  7.73044064E-08
  2.3898691E-08
 -4.98184747E-08
 -7.88616035E-08
  1.53589728E-08
 -1.57649147E-08
 -9.89338531E-08
  1.54058259E-08
 -1.5717859E-08
  9.90120697E-08
 -6.59744401E-08
  3.73107447E-08
 -8.77770123E-09
 -6.59771899E-08
  3.73130469E-08
  8.6670271E-09
  2.15066294E-08
 -4.62945637E-09
 -9.92775E-08
  2.1489317E-08
 -4.69352157E-09
  9.93557308E-08
  5.53499824E-08
  5.15214627E-09
  7.78019498E-08
  5.53049908E-08
  5.04829778E-09
 -7.93578465E-08
 -1.15765822E-07
 -1.37871502E-11
  7.15707493E-09
 -1.15777752E-07
 -1.37782069E-11
 -7.51948637E-09
  5.53485826E-08
 -5.13955634E-09
  7.77953488E-08
  5.493958E-08
 -3.10633808E-09
 -8.03365481E-08
  2.2456037E-08
  2.16066898E-09
 -9.84397062E-08
  2.24387069E-08
  2.22477681E-09
  9.85179369E-08
 -6.55780283E-08
 -3.826948E-08
 -9.53903356E-09
 -6.55814105E-08
 -3.82707235E-08
  9.42835765E-09
  1.34527145E-08
  1.71998327E-08
 -9.88945317E-08
  1.34995561E-08
  1.71527876E-08
  9.89727766E-08
  2.52417163E-08
  5.00035178E-08
  7.75409603E-08
  2.53091219E-08
  4.99127388E-08
 -7.90967718E-08
 -6.03484693E-08
 -9.94251437E-08
  7.666622E-09
 -6.03544024E-08
 -9.94354963E-08
 -8.0288789E-09
  3.65138959E-08
  4.36541505E-08
  7.75640672E-08
  3.64020387E-08
  4.36668159E-08
 -7.91212784E-08
  4.60985383E-09
  2.1808539E-08
 -1.00715184E-07
  4.54562077E-09
  2.18255565E-08
  1.00793443E-07
 -4.61945968E-11
 -7.54985194E-08
 -9.18132415E-09
 -4.68150033E-11
 -7.55020366E-08
  9.07065001E-09
 -6.15769657E-09
  2.15272031E-08
 -9.99870409E-08
 -6.09366158E-09
  2.15464731E-08
  1.00065989E-07
 -3.34728192E-08
  4.4517158E-08
  7.76170026E-08
 -3.33811272E-08
  4.45023431E-08
 -7.92063943E-08
  5.91858935E-08
 -9.92496965E-08
  6.68146072E-09
  5.91949032E-08
 -9.9264291E-08
 -7.04387748E-09
 -2.55749999E-08
  4.87304419E-08
  7.78656215E-08
 -2.56496904E-08
  4.86004019E-08
 -7.93874122E-08
 -1.31609781E-08
  1.82001862E-08
 -9.88811095E-08
 -1.32097027E-08
  1.8155383E-08
  9.89585587E-08
  6.5103535E-08
 -3.8995303E-08
 -9.66892078E-09
  6.51253771E-08
 -3.8987757E-08
  9.54135615E-09
 -2.22417711E-08
  2.39080844E-09
 -9.8197269E-08
 -2.22424674E-08
  2.44962095E-09
  9.82518173E-08
 -5.48635022E-08
 -3.06474246E-09
  7.88010794E-08
 -5.47705739E-08
 -2.96096725E-09
 -8.0417152E-08
  1.16049463E-07
  2.94281988E-10
  7.19229964E-09
  1.16039068E-07
  3.0043576E-10
 -7.58566721E-09
 -5.54365478E-08
  5.83715076E-09
  7.75854048E-08
 -5.52790418E-08
  5.48488721E-09
 -7.90791859E-08
 -1.94849559E-08
 -6.73777256E-09
 -1.04135509E-07
 -2.11787974E-08
 -5.85917048E-09
  9.91590454E-08
  6.55553478E-08
  3.78220761E-08
 -8.21141288E-09
  6.54885355E-08
  3.75987952E-08
  1.50095349E-08
 -1.42530254E-08
 -1.67190368E-08
 -1.00339712E-07
 -1.57598929E-08
 -1.43505963E-08
  9.94877851E-08
 -2.12629523E-08
 -5.27382049E-08
  7.76439748E-08
 -2.42464999E-08
 -4.96251147E-08
 -7.93261137E-08
  5.73423762E-08
  1.00534777E-07
  6.73842937E-09
  5.63443763E-08
  1.01799451E-07
 -7.78392639E-09
 -3.20016476E-08
 -4.57478073E-08
  7.71851205E-08
 -3.17976436E-08
 -4.57799096E-08
 -7.88757291E-08
 -6.83582968E-09
 -2.09314983E-08
 -9.95615252E-08
 -6.77593048E-09
 -2.09542161E-08
  9.96406087E-08
 -4.37106393E-11
  7.5334583E-08
 -9.29774036E-09
 -4.4309955E-11
  7.53380647E-08
  9.18707332E-09
  5.34878186E-09
 -2.12583924E-08
 -1.00384582E-07
  5.28455368E-09
 -2.12754099E-08
  1.00462877E-07
  3.59804382E-08
 -4.39836469E-08
  7.77989868E-08
  3.58686343E-08
 -4.39963124E-08
 -7.93561625E-08
 -5.99259451E-08
  9.91441667E-08
  7.96691157E-09
 -5.99316436E-08
  9.91543061E-08
 -8.32913827E-09
  2.28959909E-08
 -5.13402085E-08
  7.69909505E-08
  2.29627855E-08
 -5.12483815E-08
 -7.85467478E-08
  1.51373598E-08
 -1.49415591E-08
 -9.96392799E-08
  1.51841952E-08
 -1.48944954E-08
  9.97176386E-08
 -6.44624336E-08
  3.87901551E-08
 -8.34506952E-09
 -6.44658229E-08
  3.87913062E-08
  8.2344247E-09
  2.05385575E-08
 -6.57367893E-09
 -9.90343523E-08
  2.05212416E-08
 -6.63777566E-09
  9.9112583E-08
  5.56804274E-08
  6.06029049E-09
  7.74526114E-08
  5.56355921E-08
  5.95710725E-09
 -7.90097872E-08
 -1.16170703E-07
  2.60484384E-10
  7.28422433E-09
 -1.16182598E-07
  2.60480831E-10
 -7.64651542E-09
  5.49843904E-08
 -3.20952975E-09
  7.87793866E-08
  5.50770771E-08
 -4.83678786E-09
 -8.82377904E-08
  2.19913439E-08
  3.25124594E-09
 -9.92439055E-08
  2.20325305E-08
  3.34736816E-09
  1.02864533E-07
 -6.58762431E-08
 -3.72093005E-08
 -1.22658115E-08
 -6.62614497E-08
 -3.68093716E-08
  5.79262194E-09
  1.43997454E-08
  1.67134289E-08
 -9.55448201E-08
  1.4487763E-08
  1.68463075E-08
  1.009277E-07
  2.44558489E-08
  4.9351744E-08
  7.79562015E-08
  2.43855727E-08
  4.91282073E-08
 -8.85671199E-08
 -5.90609197E-08
 -9.94355673E-08
  6.98038383E-09
 -5.88956048E-08
 -9.93566687E-08
 -1.68109449E-09
  3.14024398E-08
  4.53454483E-08
  7.88839358E-08
  3.17697335E-08
  4.50302053E-08
 -8.78061641E-08
  8.85812135E-09
  2.0801453E-08
 -9.93073499E-08
  8.93720742E-09
  2.08713296E-08
  1.02913255E-07
 -1.23095312E-10
 -7.56868275E-08
 -1.2913886E-08
 -1.14756635E-10
 -7.57913838E-08
  7.33538519E-09
 -8.19920842E-09
  2.09498303E-08
 -1.00058585E-07
 -8.2786169E-09
  2.10202753E-08
  1.0366481E-07
 -3.14447206E-08
  4.54335023E-08
  7.54695293E-08
 -3.18037188E-08
  4.51217552E-08
 -8.44013428E-08
  5.84520343E-08
 -9.9738152E-08
  6.22923757E-09
  5.82865631E-08
 -9.96586991E-08
 -9.29709365E-10
 -2.43580054E-08
  4.9421466E-08
  7.7905419E-08
 -2.42877132E-08
  4.91982348E-08
 -8.85162024E-08
 -1.44006602E-08
  1.67137415E-08
 -9.5544415E-08
 -1.44886965E-08
  1.68465757E-08
  1.00927323E-07
  6.58759589E-08
 -3.72092366E-08
 -1.22658141E-08
  6.62611512E-08
 -3.6809304E-08
  5.7926135E-09
 -2.19916547E-08
  3.25132055E-09
 -9.92438984E-08
 -2.20328413E-08
  3.34743744E-09
  1.02864512E-07
 -5.51826673E-08
 -4.35889502E-09
  7.85177363E-08
 -5.50773791E-08
 -4.83669949E-09
 -8.82377691E-08
  1.15837302E-07
 -1.37954188E-11
  7.12599357E-09
  1.15674645E-07
 -1.37953147E-11
 -1.91395166E-09
 -5.51840778E-08
  4.37147785E-09
  7.85243515E-08
 -5.50787895E-08
  4.84929386E-09
 -8.82443842E-08
 -2.19917062E-08
 -3.25030869E-09
 -9.92449856E-08
 -2.20328982E-08
 -3.34644112E-09
  1.02865577E-07
  6.58758523E-08
  3.7208828E-08
 -1.2265807E-08
  6.62610731E-08
  3.68089736E-08
  5.79254822E-09
 -1.44008565E-08
 -1.67143774E-08
 -9.55445145E-08
 -1.44889336E-08
 -1.68472685E-08
  1.00927323E-07
 -2.4358183E-08
 -4.94209864E-08
  7.79052058E-08
 -2.42877984E-08
 -4.91976699E-08
 -8.85160816E-08
  5.8454301E-08
  9.97492577E-08
  6.23105789E-09
  5.82898316E-08
  9.96642555E-08
 -9.30464039E-10
 -3.14374127E-08
 -4.54386502E-08
  7.54790364E-08
 -3.18040954E-08
 -4.51125644E-08
 -8.43968309E-08
 -8.19792234E-09
 -2.09349906E-08
 -1.00056205E-07
 -8.27734237E-09
 -2.10073203E-08
  1.03662472E-07
 -1.12282177E-10
  7.56943379E-08
 -1.29262148E-08
 -1.11753502E-10
  7.58017578E-08
  7.34067473E-09
  8.86142271E-09
 -2.07947881E-08
 -9.93056233E-08
  8.9375769E-09
 -2.08717879E-08
  1.02913553E-07
  3.1403097E-08
 -4.53464679E-08
  7.88839642E-08
  3.17691615E-08
 -4.5029136E-08
 -8.78061641E-08
 -5.90612359E-08
  9.94364484E-08
  6.98020708E-09
 -5.88957434E-08
  9.93566474E-08
 -1.68085923E-09
  2.44548239E-08
 -4.93500103E-08
  7.79564431E-08
  2.43845371E-08
 -4.91267009E-08
 -8.85672335E-08
  1.43998689E-08
 -1.67139724E-08
 -9.55447916E-08
  1.44879007E-08
 -1.68467924E-08
  1.00927736E-07
 -6.58761934E-08
  3.72089879E-08
 -1.22658133E-08
 -6.62614141E-08
  3.68090376E-08
  5.79263393E-09
  2.19913741E-08
 -3.25020255E-09
 -9.92449785E-08
  2.20325678E-08
 -3.34631922E-09
  1.02865606E-07
  5.51837545E-08
  4.37158398E-09
  7.8524387E-08
  5.50784733E-08
  4.849396E-09
 -8.82444056E-08
 -1.15837466E-07
 -1.37869247E-11
  7.12599713E-09
 -1.15674823E-07
 -1.37896179E-11
 -1.91393545E-09
  5.51823476E-08
 -4.35897762E-09
  7.85177718E-08
  5.45831398E-08
 -2.34136999E-09
 -9.00411834E-08
  2.27983925E-08
  8.55557514E-10
 -9.50507015E-08
  2.29574528E-08
  8.65333638E-10
  1.00433596E-07
 -6.5440787E-08
 -3.82352887E-08
 -1.30271385E-08
 -6.52870185E-08
 -3.87688353E-08
  6.55394361E-09
  1.25006387E-08
  1.83092528E-08
 -9.88620101E-08
  1.26044375E-08
  1.82968822E-08
  1.02482637E-07
  2.58345789E-08
  4.94693779E-08
  7.82633123E-08
  2.53676635E-08
  4.9616709E-08
 -8.79829898E-08
 -6.02744805E-08
 -9.95374521E-08
  7.68539188E-09
 -6.03054104E-08
 -9.93445681E-08
 -2.42197373E-09
  3.57182905E-08
  4.39142234E-08
  7.82161749E-08
  3.55614773E-08
  4.3741256E-08
 -8.88263116E-08
  5.91131011E-09
  2.14524665E-08
 -9.73262004E-08
  5.98236127E-09
  2.15951292E-08
  1.02709095E-07
 -7.18896427E-12
 -7.53625216E-08
 -1.26694326E-08
  5.31731492E-10
 -7.54961675E-08
  6.19625595E-09
 -7.59454277E-09
  2.12573852E-08
 -9.99544838E-08
 -7.53189244E-09
  2.13411351E-08
  1.03575111E-07
 -3.27344658E-08
  4.4735728E-08
  7.83729348E-08
 -3.30965015E-08
  4.44077592E-08
 -8.80935147E-08
  5.92217191E-08
 -9.93117268E-08
  6.65036115E-09
  5.91403655E-08
 -9.91708475E-08
 -1.43832213E-09
 -2.61750301E-08
  4.81571369E-08
  7.85539243E-08
 -2.57033879E-08
  4.83131082E-08
 -8.82693882E-08
 -1.22406103E-08
  1.92340295E-08
 -9.88942688E-08
 -1.22844366E-08
  1.93156531E-08
  1.0245909E-07
  6.50411991E-08
 -3.88999872E-08
 -1.31221407E-08
  6.52240217E-08
 -3.89071744E-08
  7.54410401E-09
 -2.22633538E-08
  1.23797272E-09
 -9.82286608E-08
 -2.25564136E-08
  1.16557386E-09
  1.01625325E-07
 -5.44987984E-08
 -2.28411579E-09
  7.935094E-08
 -5.52491954E-08
 -2.76125944E-09
 -8.8718096E-08
  1.16527929E-07
  1.58487487E-10
  7.21428695E-09
  1.16263841E-07
  1.92485985E-10
 -2.19960139E-09
 -5.51596102E-08
  5.00981479E-09
  7.82280409E-08
 -5.48713999E-08
  5.35956435E-09
 -8.79255353E-08
 -2.14602434E-08
 -4.7937414E-09
 -9.93051117E-08
 -2.15993854E-08
 -4.64622785E-09
  1.02672388E-07
  6.54889192E-08
  3.75713824E-08
 -1.49358748E-08
  6.5728095E-08
  3.75184186E-08
  5.88205351E-09
 -1.57521285E-08
 -1.46231844E-08
 -9.96473375E-08
 -1.39153853E-08
 -1.69174452E-08
  1.02182184E-07
 -2.46018708E-08
 -4.93712307E-08
  7.85603618E-08
 -2.12298925E-08
 -5.26481756E-08
 -8.79184583E-08
  5.63949705E-08
  1.01830416E-07
  7.50949436E-09
  5.72997827E-08
  1.00463261E-07
 -1.49332602E-09
 -3.11508828E-08
 -4.60133585E-08
  7.80422909E-08
 -3.16027915E-08
 -4.56720599E-08
 -8.76294095E-08
 -8.27696311E-09
 -2.06673683E-08
 -9.9529899E-08
 -8.21001667E-09
 -2.07454356E-08
  1.03149596E-07
 -4.68289036E-12
  7.51985567E-08
 -1.2785855E-08
  5.3433008E-10
  7.53322098E-08
  6.3126282E-09
  6.65023947E-09
 -2.09023145E-08
 -9.69956275E-08
  6.72128841E-09
 -2.10449826E-08
  1.02378493E-07
  3.51848861E-08
 -4.42437198E-08
  7.8451059E-08
  3.50280196E-08
 -4.40707524E-08
 -8.90612313E-08
 -5.98517218E-08
  9.92562548E-08
  7.98565747E-09
 -5.98828791E-08
  9.90635911E-08
 -2.72226264E-09
  2.34882425E-08
 -5.08050206E-08
  7.77132882E-08
  2.3021931E-08
 -5.09533926E-08
 -8.74329658E-08
  1.41852716E-08
 -1.60509579E-08
 -9.96068579E-08
  1.42890695E-08
 -1.60386175E-08
  1.03227379E-07
 -6.43252278E-08
  3.87558714E-08
 -1.1833226E-08
 -6.41714308E-08
  3.92895068E-08
  5.36000799E-09
  2.08808757E-08
 -5.26855937E-09
 -9.56452979E-08
  2.1039904E-08
 -5.278328E-09
  1.01028235E-07
  5.55079289E-08
  5.2412461E-09
  7.81046126E-08
  5.52792159E-08
  5.19214183E-09
 -8.87143514E-08
 -1.16219638E-07
  2.60497041E-10
  7.35298933E-09
 -1.16079171E-07
  2.6051053E-10
 -2.03813988E-09
  5.48119594E-08
 -2.39045339E-09
  7.94314161E-08
  5.51502382E-08
 -4.42952697E-09
 -8.49761008E-08
  2.15296971E-08
  3.99563982E-09
 -1.04341034E-07
  2.21450751E-08
  3.37873551E-09
  1.0632413E-07
 -6.59099655E-08
 -3.71582978E-08
 -1.11763923E-08
 -6.48761969E-08
 -3.8388162E-08
  7.43738315E-09
  1.39816816E-08
  1.72418471E-08
 -1.04586007E-07
  1.45603485E-08
  1.69769088E-08
  1.06035863E-07
  2.44333975E-08
  4.93058323E-08
  8.21909794E-08
  2.42880773E-08
  4.94560375E-08
 -8.52030908E-08
 -5.8766549E-08
 -9.93771536E-08
 -1.15630738E-09
 -5.85809374E-08
 -9.94102507E-08
  3.55311869E-09
  3.13956505E-08
  4.535827E-08
  8.14389765E-08
  3.14501385E-08
  4.52543922E-08
 -8.54003233E-08
  8.7030072E-09
  2.09454196E-08
 -1.04666775E-07
  8.69244587E-09
  2.10007034E-08
  1.06804549E-07
  7.02111763E-12
 -7.56750396E-08
 -1.18317187E-08
  3.95032791E-12
 -7.57404095E-08
  7.99904498E-09
 -8.70730332E-09
  2.09450555E-08
 -1.04669965E-07
 -8.65757066E-09
  2.1006521E-08
  1.06736081E-07
 -3.14046744E-08
  4.53827376E-08
  7.98440709E-08
 -3.1449531E-08
  4.5252655E-08
 -8.54009414E-08
  5.87631028E-08
 -9.93728051E-08
 -1.1578245E-09
  5.85426889E-08
 -9.94227989E-08
  3.48363516E-09
 -2.44335485E-08
  4.93023649E-08
  8.21929547E-08
 -2.43187586E-08
  4.93502625E-08
 -8.51351274E-08
 -1.46050798E-08
  1.67911764E-08
 -1.04218692E-07
 -1.45389007E-08
  1.69386798E-08
  1.06017197E-07
  6.59016166E-08
 -3.7153999E-08
 -1.11764553E-08
  6.5918826E-08
 -3.72670961E-08
  7.33151451E-09
 -2.19959109E-08
  3.53669516E-09
 -1.04651441E-07
 -2.21095497E-08
  3.34514327E-09
  1.06343855E-07
 -5.51392212E-08
 -4.35487157E-09
  8.27788043E-08
 -5.5125696E-08
 -4.46015447E-09
 -8.50249009E-08
  1.15631053E-07
 -1.38027419E-11
 -1.05252429E-09
  1.15577585E-07
 -1.37960685E-11
  2.90476732E-09
 -5.51406245E-08
  4.36746905E-09
  8.27854194E-08
 -5.51270709E-08
  4.4727182E-09
 -8.50314947E-08
 -2.19959357E-08
 -3.53556806E-09
 -1.046525E-07
 -2.21095728E-08
 -3.34408434E-09
  1.06344949E-07
  6.59015882E-08
  3.71537645E-08
 -1.11764882E-08
  6.59261588E-08
  3.72684568E-08
  7.33326821E-09
 -1.46427492E-08
 -1.67977134E-08
 -1.04286904E-07
 -1.4541766E-08
 -1.69418382E-08
  1.06016721E-07
 -2.44335716E-08
 -4.93017929E-08
  8.21926847E-08
 -2.42374778E-08
 -4.90902252E-08
 -8.51140456E-08
  5.87284887E-08
  9.93554536E-08
 -1.09589215E-09
  5.85440212E-08
  9.94226355E-08
  3.48664653E-09
 -3.14043618E-08
 -4.53824782E-08
  7.98509632E-08
 -3.14427773E-08
 -4.5256936E-08
 -8.54030873E-08
 -8.70881767E-09
 -2.09604867E-08
 -1.04667627E-07
 -8.65834426E-09
 -2.10142215E-08
  1.06744714E-07
  7.15657611E-12
  7.56746417E-08
 -1.18230625E-08
  7.50239768E-13
  7.57271863E-08
  7.99864885E-09
  8.70023253E-09
 -2.0953042E-08
 -1.04665077E-07
  8.69132055E-09
 -2.10045386E-08
  1.06809154E-07
  3.13950892E-08
 -4.5357293E-08
  8.14391683E-08
  3.14495772E-08
 -4.52530742E-08
 -8.54004938E-08
 -5.87660658E-08
  9.93764004E-08
 -1.15652976E-09
 -5.85810547E-08
  9.94106699E-08
  3.55363761E-09
  2.44323672E-08
 -4.93043828E-08
  8.21911925E-08
  2.4287095E-08
 -4.94548331E-08
 -8.52031903E-08
  1.39818139E-08
 -1.72425239E-08
 -1.04585958E-07
  1.45604737E-08
 -1.69775181E-08
  1.06035891E-07
 -6.590993E-08
  3.71579496E-08
 -1.11763923E-08
 -6.48806378E-08
  3.83899099E-08
  7.43766693E-09
  2.15297629E-08
 -3.99460731E-09
 -1.04342092E-07
  2.21451106E-08
 -3.37769923E-09
  1.06325203E-07
  5.51447954E-08
  4.36616743E-09
  8.27857889E-08
  5.51465256E-08
  4.44353843E-09
 -8.49828794E-08
 -1.15624132E-07
 -1.37899215E-11
 -1.05350495E-09
 -1.15577834E-07
 -1.37770316E-11
  2.90472046E-09
  5.51433992E-08
 -4.35356906E-09
  8.27791737E-08
  5.4755759E-08
 -2.50620169E-09
 -8.59919069E-08
  2.29452883E-08
  1.06669029E-09
 -1.03816618E-07
  2.30591013E-08
  8.74611938E-10
  1.0551485E-07
 -6.54058354E-08
 -3.82849557E-08
 -1.19377352E-08
 -6.54978933E-08
 -3.82681371E-08
  8.09280731E-09
  1.2698715E-08
  1.82265385E-08
 -1.04177637E-07
  1.26326212E-08
  1.83734006E-08
  1.05970528E-07
  2.58163286E-08
  4.94297581E-08
  8.25236768E-08
  2.57208495E-08
  4.94502395E-08
 -8.53954774E-08
 -6.0280378E-08
 -9.93163667E-08
 -3.49793777E-10
 -6.02558572E-08
 -9.92630191E-08
  2.41140885E-09
  3.56340877E-08
  4.38936638E-08
  8.24764683E-08
  3.57737093E-08
  4.38035848E-08
 -8.5201961E-08
  5.87100191E-09
  2.16695124E-08
 -1.0599117E-07
  6.0370251E-09
  2.16849863E-08
  1.07798968E-07
  5.34392773E-11
 -7.53571641E-08
 -1.15798953E-08
 -4.46489928E-11
 -7.54265983E-08
  7.74693998E-09
 -7.30677963E-09
  2.14748361E-08
 -1.05153937E-07
 -7.58685115E-09
  2.13987654E-08
  1.07065702E-07
 -3.26900214E-08
  4.47290205E-08
  8.25444459E-08
 -3.1600873E-08
  4.49980639E-08
 -8.47397246E-08
  5.65762939E-08
 -1.00197376E-07
 -1.38407319E-09
  5.92966707E-08
 -9.91592941E-08
  3.41118245E-09
 -2.61479762E-08
  4.81559645E-08
  8.29050606E-08
 -2.50824375E-08
  4.86873226E-08
 -8.62067182E-08
 -1.23873658E-08
  1.92706633E-08
 -1.0425881E-07
 -1.23584458E-08
  1.93558716E-08
  1.05978899E-07
  6.49765539E-08
 -3.8922277E-08
 -1.18814283E-08
  6.49045404E-08
 -3.90399926E-08
  8.18275314E-09
 -2.32020891E-08
  1.09940679E-09
 -1.03488134E-07
 -2.29900472E-08
  1.05210851E-09
  1.05525892E-07
 -5.46606032E-08
 -2.28199482E-09
  8.36619236E-08
 -5.51843513E-08
 -2.38167552E-09
 -8.66345147E-08
  1.15521395E-07
  4.75034012E-10
 -8.55070625E-10
  1.16616498E-07
  5.41257178E-11
  3.19220606E-09
 -5.52269555E-08
  5.0474398E-09
  8.28355695E-08
 -5.53934321E-08
  5.2561373E-09
 -8.49263344E-08
 -2.19024496E-08
 -4.62865435E-09
 -1.04686968E-07
 -2.16417444E-08
 -4.63817873E-09
  1.06411605E-07
  6.55835422E-08
  3.74433604E-08
 -1.03417506E-08
  6.53815917E-08
  3.77992997E-08
  7.40738137E-09
 -1.4724665E-08
 -1.55084319E-08
 -1.04716754E-07
 -1.57861475E-08
 -1.48224002E-08
  1.06741282E-07
 -2.166664E-08
 -5.24609014E-08
  8.24255793E-08
 -2.35116513E-08
 -5.13302645E-08
 -8.50025259E-08
  5.71283501E-08
  1.01219442E-07
 -1.04863673E-09
  5.61810509E-08
  1.0153294E-07
  2.50938426E-09
 -3.12212478E-08
 -4.5976531E-08
  8.21709563E-08
 -3.12632054E-08
 -4.60867575E-08
 -8.45464214E-08
 -7.96168553E-09
 -2.08340634E-08
 -1.04836857E-07
 -8.24229041E-09
 -2.08177635E-08
  1.06638687E-07
  5.59695658E-11
  7.51931921E-08
 -1.16974199E-08
 -4.41244888E-11
  7.52793241E-08
  7.44969864E-09
  6.4686998E-09
 -2.1143979E-08
 -1.05659261E-07
  6.75166056E-09
 -2.11390763E-08
  1.07468495E-07
  3.51005127E-08
 -4.4223178E-08
  8.27122975E-08
  3.52586547E-08
 -4.41407835E-08
 -8.50237925E-08
 -5.97986229E-08
  9.90653959E-08
 -1.41494899E-10
 -5.9822149E-08
  9.89874636E-08
  2.10260054E-09
  2.34705944E-08
 -5.0766424E-08
  8.19733188E-08
  2.3375085E-08
 -5.07875804E-08
 -8.46338324E-08
  1.43472443E-08
 -1.60302509E-08
 -1.05005761E-07
  1.43098511E-08
 -1.61248117E-08
  1.06707027E-07
 -6.42902549E-08
  3.88056556E-08
 -1.07429834E-08
 -6.43045936E-08
  3.87230976E-08
  7.53965868E-09
  2.10396092E-08
 -5.40351763E-09
 -1.04502718E-07
  2.11463593E-08
 -5.27638999E-09
  1.06100998E-07
  5.54481865E-08
  5.17854426E-09
  8.23654958E-08
  5.55323574E-08
  5.30127275E-09
 -8.46851904E-08
 -1.1602674E-07
  2.59482824E-10
 -9.24374077E-10
 -1.15982864E-07
  2.60491628E-10
  2.77560241E-09
  5.47521033E-08
 -2.32769848E-09
  8.36924485E-08
  5.49614931E-08
 -3.63218899E-09
 -8.04465685E-08
  2.20959251E-08
  3.19699778E-09
 -1.07809342E-07
  2.1950445E-08
  3.28665983E-09
  1.0395425E-07
 -6.47685852E-08
 -3.82078049E-08
 -8.00404187E-09
 -6.47106404E-08
 -3.80475562E-08
  1.40761767E-08
  1.35325449E-08
  1.81406747E-08
 -1.06403618E-07
  1.35302942E-08
  1.80101534E-08
  1.02999827E-07
  2.30030022E-08
  5.03091293E-08
  8.60036167E-08
  2.31069581E-08
  5.03506783E-08
 -8.12565091E-08
 -5.8391695E-08
 -1.00006488E-07
 -2.23967977E-09
 -5.84307998E-08
 -1.00083746E-07
 -9.48430556E-10
  3.14157553E-08
  4.53491111E-08
  8.64002203E-08
  3.14282964E-08
  4.54486582E-08
 -8.18619625E-08
  9.32312272E-09
  2.07347703E-08
 -1.05402037E-07
  9.31650312E-09
  2.06551523E-08
  1.02230359E-07
 -1.52304155E-10
 -7.58152368E-08
 -6.74204648E-09
 -1.75556687E-11
 -7.57011023E-08
  1.23329125E-08
 -9.47813117E-09
  2.05391224E-08
 -1.07164631E-07
 -9.43789225E-09
  2.04448245E-08
  1.03552637E-07
 -3.12306341E-08
  4.55658657E-08
  8.63695959E-08
 -3.13954835E-08
  4.56159164E-08
 -8.15909829E-08
  5.859021E-08
 -9.99782017E-08
 -2.21384799E-09
  5.86045275E-08
 -1.00062501E-07
 -9.98328864E-10
 -2.22935626E-08
  5.11957694E-08
  8.54462883E-08
 -2.23742092E-08
  5.12516287E-08
 -8.08466112E-08
 -1.43139376E-08
  1.70791754E-08
 -1.06483199E-07
 -1.39730885E-08
  1.75719208E-08
  1.03638108E-07
  6.41021174E-08
 -3.94351929E-08
 -7.26192795E-09
  6.45996536E-08
 -3.80252736E-08
  1.22875949E-08
 -2.19406751E-08
  3.50828366E-09
 -1.07383613E-07
 -2.16371934E-08
  4.31905978E-09
  1.03758609E-07
 -5.49310251E-08
 -4.43244641E-09
  8.55511573E-08
 -5.49878045E-08
 -3.65870023E-09
 -8.04568643E-08
  1.1507457E-07
 -5.50950995E-12
 -3.1935361E-09
  1.1518847E-07
 -1.38154106E-11
 -7.59794339E-10
 -5.49324852E-08
  4.44501769E-09
  8.55578222E-08
 -5.49822694E-08
  3.71215036E-09
 -8.04630176E-08
 -2.19460308E-08
 -3.49998208E-09
 -1.07360378E-07
 -2.16376677E-08
 -4.31813385E-09
  1.03759866E-07
  6.41020534E-08
  3.94347417E-08
 -7.26190175E-09
  6.46005631E-08
  3.80241651E-08
  1.22868302E-08
 -1.43141303E-08
 -1.70800174E-08
 -1.06483228E-07
 -1.39732634E-08
 -1.75727823E-08
  1.03638129E-07
 -2.22925074E-08
 -5.11933287E-08
  8.54462812E-08
 -2.23731575E-08
 -5.12492022E-08
 -8.08466112E-08
  5.85938196E-08
  9.998422E-08
 -2.21338126E-09
  5.8608137E-08
  1.00068505E-07
 -9.98802485E-10
 -3.12312096E-08
 -4.55669067E-08
  8.6369333E-08
 -3.13960555E-08
 -4.56169538E-08
 -8.15907129E-08
 -9.47828571E-09
 -2.05394883E-08
 -1.07164617E-07
 -9.43804768E-09
 -2.0445194E-08
  1.03552615E-07
 -1.52270252E-10
  7.58147252E-08
 -6.74208778E-09
 -1.75198606E-11
  7.57005978E-08
  1.23329471E-08
  9.32300104E-09
 -2.07351736E-08
 -1.05401988E-07
  9.31636901E-09
 -2.0655559E-08
  1.02230324E-07
  3.14163984E-08
 -4.53498323E-08
  8.64003553E-08
  3.14284314E-08
 -4.54489388E-08
 -8.18619768E-08
 -5.8393077E-08
  1.00007945E-07
 -2.24015695E-09
 -5.84297588E-08
  1.00081287E-07
 -9.48455092E-10
  2.30021353E-08
 -5.03074524E-08
  8.60039222E-08
  2.31058923E-08
 -5.03480457E-08
 -8.12565872E-08
  1.35327678E-08
 -1.81412414E-08
 -1.06403633E-07
  1.35305172E-08
 -1.80106952E-08
  1.02999877E-07
 -6.47685354E-08
  3.8207471E-08
 -8.00403654E-09
 -6.47105907E-08
  3.80472009E-08
  1.40761731E-08
  2.20959642E-08
 -3.19596016E-09
 -1.07810415E-07
  2.19504841E-08
 -3.28562022E-09
  1.0395533E-07
  5.48538495E-08
  3.60593488E-09
  8.52436912E-08
  5.49629E-08
  3.64478581E-09
 -8.04531837E-08
 -1.1506318E-07
 -1.37923405E-11
 -3.63596397E-09
 -1.15139798E-07
 -1.37926797E-11
  4.13519691E-10
  5.4852439E-08
 -3.59333763E-09
  8.52370761E-08
  5.50333183E-08
 -3.17633542E-09
 -8.17659966E-08
  2.15068408E-08
  3.10112891E-09
 -1.06139993E-07
  2.14611244E-08
  2.89578095E-09
  1.01685188E-07
 -6.44060947E-08
 -3.98598026E-08
 -6.44944631E-09
 -6.43361915E-08
 -3.95884214E-08
  1.1484615E-08
  1.48562771E-08
  1.69526686E-08
 -1.06334959E-07
  1.4864284E-08
  1.67945178E-08
  1.03177861E-07
  2.24151506E-08
  5.06450668E-08
  8.48716439E-08
  2.25261694E-08
  5.07398319E-08
 -7.91846375E-08
 -5.61917517E-08
 -1.0084019E-07
 -4.55953586E-09
 -5.62313005E-08
 -1.00933839E-07
  1.24970112E-09
  3.25745404E-08
  4.55914879E-08
  8.41179286E-08
  3.2528316E-08
  4.57427163E-08
 -7.81883642E-08
  9.51245394E-09
  2.09124558E-08
 -1.07503766E-07
  9.51474455E-09
  2.08405666E-08
  1.04613335E-07
 -2.90495961E-09
 -7.52146505E-08
 -8.33028047E-09
 -2.82782331E-09
 -7.51110107E-08
  1.34827705E-08
 -8.90028495E-09
  2.13356532E-08
 -1.07462085E-07
 -8.95146535E-09
  2.12282654E-08
  1.0384408E-07
 -3.05567021E-08
  4.52450912E-08
  8.59591438E-08
 -3.06879819E-08
  4.53276634E-08
 -8.02941855E-08
  5.57219657E-08
 -1.01354303E-07
 -2.23234164E-09
  5.57179476E-08
 -1.01475116E-07
 -1.75552484E-09
 -2.19723901E-08
  5.16820648E-08
  8.70359216E-08
 -2.20324345E-08
  5.18081684E-08
 -8.07387792E-08
 -1.52785766E-08
  1.61742673E-08
 -1.08021304E-07
 -1.52222075E-08
  1.60725158E-08
  1.03961767E-07
  6.65939552E-08
 -3.73654494E-08
 -7.08082259E-09
  6.64265229E-08
 -3.73908051E-08
  1.33435609E-08
 -2.30480808E-08
  1.00006048E-09
 -1.05219335E-07
 -2.29302604E-08
  1.07271858E-09
  1.01815317E-07
 -5.47190986E-08
 -2.3725224E-09
  8.66122747E-08
 -5.48032624E-08
 -2.30385599E-09
 -8.20615327E-08
  1.15971254E-07
  2.00574612E-10
 -2.74959189E-09
  1.16047865E-07
  2.62215166E-10
 -4.73482253E-10
 -5.54141977E-08
  5.22870058E-09
  8.53146247E-08
 -5.55637811E-08
  5.43792344E-09
 -8.03246465E-08
 -2.11913171E-08
 -5.42766854E-09
 -1.07507638E-07
 -2.10655813E-08
 -5.42784129E-09
  1.03299712E-07
  6.54771881E-08
  3.77005627E-08
 -6.55887167E-09
  6.54521202E-08
  3.74704285E-08
  1.2661836E-08
 -1.56084017E-08
 -1.49229198E-08
 -1.07591084E-07
 -1.52337964E-08
 -1.49676023E-08
  1.03747787E-07
 -2.43758382E-08
 -5.06984996E-08
  8.56935216E-08
 -2.52113779E-08
 -4.94946875E-08
 -7.8877477E-08
  6.18737204E-08
  9.72228591E-08
 -2.8156022E-09
  5.98763066E-08
  1.00570773E-07
 -1.1825424E-09
 -3.14077226E-08
 -4.58711753E-08
  8.67182877E-08
 -3.23012834E-08
 -4.49061268E-08
 -8.19090573E-08
 -9.84697479E-09
 -2.06241424E-08
 -1.07357067E-07
 -9.70787006E-09
 -2.04656931E-08
  1.03638421E-07
 -2.92992675E-09
  7.51463887E-08
 -7.9758955E-09
 -2.83995649E-09
  7.50223847E-08
  1.35425386E-08
  9.55994039E-09
 -2.09695674E-08
 -1.07609203E-07
  9.49879198E-09
 -2.09058584E-08
  1.04600801E-07
  3.35591501E-08
 -4.47483082E-08
  8.4581032E-08
  3.3504957E-08
 -4.48925306E-08
 -7.88413672E-08
 -5.84224509E-08
  9.87874031E-08
 -4.77524509E-09
 -5.8468963E-08
  9.88683482E-08
  1.46800316E-09
  2.33309603E-08
 -4.96130212E-08
  8.42162891E-08
  2.34685906E-08
 -4.96579418E-08
 -7.84859964E-08
  1.44579966E-08
 -1.74676114E-08
 -1.0651619E-07
  1.43995535E-08
 -1.74151538E-08
  1.03596562E-07
 -6.35644426E-08
  4.07156939E-08
 -6.86232582E-09
 -6.35257038E-08
  4.0526146E-08
  1.17742607E-08
  2.1491914E-08
 -3.11653947E-09
 -1.05726329E-07
  2.1421334E-08
 -2.96319724E-09
  1.02071255E-07
  5.46137642E-08
  2.89724511E-09
  8.63013057E-08
  5.47998447E-08
  2.87119062E-09
 -8.18290289E-08
 -1.15874499E-07
  7.31116695E-11
 -7.94382726E-10
 -1.15966238E-07
  2.71710598E-10
 -3.30071681E-09
  5.49271526E-08
 -3.06876524E-09
  8.68381989E-08
  5.50063959E-08
 -3.42439477E-09
 -7.46926432E-08
  2.19195204E-08
  3.15472803E-09
 -1.02608624E-07
  2.18692264E-08
  3.08736614E-09
  9.71244063E-08
 -6.47167653E-08
 -3.83387295E-08
 -8.19091817E-09
 -6.39544524E-08
 -3.81521232E-08
  1.64312404E-08
  1.34657556E-08
  1.80404172E-08
 -1.03072352E-07
  1.33341445E-08
  1.80840392E-08
  9.78007648E-08
  2.30158879E-08
  5.0236622E-08
  8.67367618E-08
  2.30816095E-08
  5.04935258E-08
 -7.51168159E-08
 -5.84178004E-08
 -1.00051487E-07
  1.05654285E-09
 -5.84876041E-08
 -1.00172521E-07
 -6.34330544E-09
  3.13151141E-08
  4.5328914E-08
  8.73176589E-08
  3.16139541E-08
  4.5468159E-08
 -7.5744147E-08
  9.04917918E-09
  2.07315249E-08
 -1.01757792E-07
  9.56785851E-09
  2.05209307E-08
  9.72948371E-08
 -2.6661523E-10
 -7.58174252E-08
 -7.35742001E-09
 -3.16281223E-10
 -7.57378373E-08
  1.30332225E-08
 -9.13591158E-09
  2.04858388E-08
 -1.01443547E-07
 -9.6542454E-09
  2.02752588E-08
  9.69767768E-08
 -3.10439781E-08
  4.55709603E-08
  8.74737864E-08
 -3.13010311E-08
  4.57310882E-08
 -7.58632268E-08
  5.85998983E-08
 -1.00061577E-07
  1.0469472E-09
  5.86325299E-08
 -1.00168045E-07
 -6.39395914E-09
 -2.22915268E-08
  5.11222069E-08
  8.63526708E-08
 -2.23472085E-08
  5.17110124E-08
 -7.47986562E-08
 -1.41635219E-08
  1.73161965E-08
 -1.03022856E-07
 -1.37740415E-08
  1.76584312E-08
  9.85863267E-08
  6.40945572E-08
 -3.96424227E-08
 -7.26569604E-09
  6.39487254E-08
 -3.95706117E-08
  1.29629338E-08
 -2.15544329E-08
  4.35489911E-09
 -1.01413555E-07
 -2.15808864E-08
  4.08655199E-09
  9.70987486E-08
 -5.48234453E-08
 -4.12141521E-09
  8.63046523E-08
 -5.49879928E-08
 -3.45197915E-09
 -7.4694178E-08
  1.15103369E-07
  2.9534025E-12
 -2.56290961E-10
  1.15249534E-07
  3.1135361E-10
 -5.13900522E-09
 -5.47140431E-08
  3.39797457E-09
  8.62769554E-08
 -5.49818928E-08
  3.50585316E-09
 -7.47005586E-08
 -2.15653415E-08
 -4.33950165E-09
 -1.01380742E-07
 -2.16556622E-08
 -3.77467879E-09
  9.69584519E-08
  6.4086116E-08
  3.96698567E-08
 -7.29468796E-09
  6.39493791E-08
  3.95694499E-08
  1.29619746E-08
 -1.41636916E-08
 -1.73170385E-08
 -1.03022884E-07
 -1.37747564E-08
 -1.7658996E-08
  9.85863338E-08
 -2.22904717E-08
 -5.11197911E-08
  8.63526566E-08
 -2.23461338E-08
 -5.17085894E-08
 -7.47986348E-08
  5.86035149E-08
  1.00067588E-07
  1.04742326E-09
  5.86361466E-08
  1.00174049E-07
 -6.39442366E-09
 -3.104455E-08
 -4.55720155E-08
  8.74735377E-08
 -3.13015995E-08
 -4.57321008E-08
 -7.5862971E-08
 -9.13603682E-09
 -2.04862349E-08
 -1.01443533E-07
 -9.65438307E-09
 -2.02756603E-08
  9.69767768E-08
 -2.66552169E-10
  7.58168639E-08
 -7.35738892E-09
 -3.16141308E-10
  7.57372334E-08
  1.30332447E-08
  9.0490655E-09
 -2.0732088E-08
 -1.01757692E-07
  9.56769863E-09
 -2.05214334E-08
  9.72948655E-08
  3.1315718E-08
 -4.53296423E-08
  8.73178081E-08
  3.16143165E-08
 -4.54686138E-08
 -7.57443672E-08
 -5.84161839E-08
  1.00047899E-07
  1.05613995E-09
 -5.84859556E-08
  1.00168947E-07
 -6.34285868E-09
  2.30150139E-08
 -5.02349273E-08
  8.67369394E-08
  2.30807036E-08
 -5.04918987E-08
 -7.51169722E-08
  1.34659812E-08
 -1.8040863E-08
 -1.03072338E-07
  1.33343683E-08
 -1.80844957E-08
  9.78007435E-08
 -6.47167084E-08
  3.83383991E-08
 -8.19093593E-09
 -6.39543885E-08
  3.81517928E-08
  1.64312617E-08
  2.19195648E-08
 -3.15368887E-09
 -1.02609697E-07
  2.18692655E-08
 -3.08632186E-09
  9.71254721E-08
  5.4764218E-08
  3.42296946E-09
  8.6360501E-08
  5.50078099E-08
  3.43699269E-09
 -7.46992583E-08
 -1.15097414E-07
 -1.37917767E-11
 -2.90117486E-10
 -1.15237967E-07
 -1.37919632E-11
 -4.99510522E-09
  5.47628112E-08
 -3.41037087E-09
  8.63538858E-08
  5.51733201E-08
 -3.23907834E-09
 -7.64287194E-08
  2.12530189E-08
  3.46104034E-09
 -1.00260095E-07
  2.13405293E-08
  2.91088154E-09
  9.5798157E-08
 -6.43886438E-08
 -3.97479418E-08
 -6.59700383E-09
 -6.42231583E-08
 -3.98486186E-08
  1.22241186E-08
  1.50587862E-08
  1.66590173E-08
 -1.02640776E-07
  1.49413797E-08
  1.66514358E-08
  9.90655309E-08
  2.22248726E-08
  5.08603897E-08
  8.31993177E-08
  2.23590977E-08
  5.09485893E-08
 -7.52051506E-08
 -5.62424525E-08
 -1.00929078E-07
  8.38338288E-10
 -5.62845486E-08
 -1.01000893E-07
 -4.33254232E-09
  3.2782669E-08
  4.55414337E-08
  8.22033357E-08
  3.27517675E-08
  4.561306E-08
 -7.42210275E-08
  9.12396114E-09
  2.09608508E-08
 -1.03854632E-07
  9.17275855E-09
  2.08349569E-08
  1.00279451E-07
 -2.95408564E-09
 -7.52389653E-08
 -8.5592875E-09
 -3.1402585E-09
 -7.52472005E-08
  1.42009142E-08
 -8.53414317E-09
  2.12766889E-08
 -1.01743204E-07
 -8.93673402E-09
  2.11082156E-08
  9.72256728E-08
 -3.0760237E-08
  4.50982114E-08
  8.70690329E-08
 -3.05420684E-08
  4.54700206E-08
 -7.45807469E-08
  5.56575905E-08
 -1.01670921E-07
  1.89246729E-09
  5.57547892E-08
 -1.0177925E-07
 -9.2181871E-09
 -2.32845636E-08
  5.09705451E-08
  8.83572611E-08
 -2.38281359E-08
  5.13426386E-08
 -7.91199071E-08
 -1.27475186E-08
  1.80275705E-08
 -1.01719841E-07
 -1.24851196E-08
  1.82372535E-08
  9.71604805E-08
  6.54669776E-08
 -3.82055241E-08
 -8.18580226E-09
  6.54657057E-08
 -3.81978964E-08
  1.31112774E-08
 -2.27903421E-08
  1.43590939E-09
 -1.01061211E-07
 -2.28808172E-08
  8.66408612E-10
  9.65614149E-08
 -5.4653718E-08
 -2.32937047E-09
  8.75436186E-08
 -5.49238663E-08
 -2.51719734E-09
 -7.59693322E-08
  1.1601194E-07
  2.60718197E-10
  5.71466485E-10
  1.1615181E-07
  2.61014405E-10
 -5.85767923E-09
 -5.5366641E-08
  5.22563504E-09
  8.62502034E-08
 -5.55933113E-08
  5.24806687E-09
 -7.45922648E-08
 -2.11042099E-08
 -5.41376188E-09
 -1.02595521E-07
 -2.10011208E-08
 -5.28257393E-09
  9.72068648E-08
  6.56049082E-08
  3.75450071E-08
 -6.33325214E-09
  6.54684484E-08
  3.74597029E-08
  1.46594141E-08
 -1.52851953E-08
 -1.49461723E-08
 -1.02543204E-07
 -1.52615005E-08
 -1.47814578E-08
  9.69630847E-08
 -2.41842812E-08
 -5.0800832E-08
  8.62602718E-08
 -2.45952734E-08
 -5.06134974E-08
 -7.69254598E-08
  5.97725816E-08
  9.99269218E-08
  1.74574455E-09
  5.99541821E-08
  1.00085991E-07
 -8.95260577E-09
 -3.15898205E-08
 -4.57253329E-08
  8.81976447E-08
 -3.1298093E-08
 -4.60223681E-08
 -7.56737961E-08
 -9.44102574E-09
 -2.05155271E-08
 -1.01538802E-07
 -9.84544091E-09
 -2.03457375E-08
  9.70207239E-08
 -2.96379787E-09
  7.51575726E-08
 -8.61707683E-09
 -3.13366555E-09
  7.50662181E-08
  1.4244244E-08
  9.18012866E-09
 -2.09959836E-08
 -1.03951209E-07
  9.23228427E-09
 -2.08905071E-08
  1.0037607E-07
  3.37593917E-08
 -4.4691177E-08
  8.28561895E-08
  3.37684263E-08
 -4.48512765E-08
 -7.48620224E-08
 -5.84685971E-08
  9.88676163E-08
  6.22229379E-10
 -5.85151447E-08
  9.89482629E-08
 -4.1168815E-09
  2.31674715E-08
 -4.97782651E-08
  8.25010318E-08
  2.33016646E-08
 -4.98663795E-08
 -7.45068078E-08
  1.46780241E-08
 -1.71423054E-08
 -1.02866601E-07
  1.4560638E-08
 -1.71347221E-08
  9.92914053E-08
 -6.35731965E-08
  4.06991951E-08
 -6.85075019E-09
 -6.3409658E-08
  4.08011225E-08
  1.2478198E-08
  2.12516404E-08
 -3.47914386E-09
 -9.99543559E-08
  2.13304059E-08
 -2.92500735E-09
  9.54867971E-08
  5.46184609E-08
  2.83108492E-09
  8.80860043E-08
  5.48616264E-08
  2.92614422E-09
 -7.65104815E-08
 -1.15977301E-07
  3.23401236E-11
  5.15477927E-09
 -1.16109398E-07
  3.46289421E-11
 -1.04407452E-08
  5.48519949E-08
 -3.15091309E-09
  8.79971225E-08
  5.49461241E-08
 -4.06720391E-09
 -7.91836072E-08
  2.2774131E-08
  2.40353248E-09
 -1.01375299E-07
  2.24536034E-08
  3.36850237E-09
  9.95384397E-08
 -6.74534846E-08
 -3.619202E-08
 -1.09112284E-08
 -6.67623254E-08
 -3.5877239E-08
  1.58376228E-08
  1.48857193E-08
  1.69012839E-08
 -1.00561138E-07
  1.55136437E-08
  1.61936864E-08
  9.89255469E-08
  2.24641479E-08
  5.07190201E-08
  7.78295828E-08
  2.27099886E-08
  5.04715771E-08
 -7.92926187E-08
 -5.84982018E-08
 -1.00194832E-07
  7.77123699E-09
 -5.85045541E-08
 -1.00206172E-07
 -8.13309864E-09
  3.22439391E-08
  4.51745912E-08
  7.85540308E-08
  3.21320321E-08
  4.51873206E-08
 -8.01112137E-08
  8.25430568E-09
  2.08004369E-08
 -9.91364573E-08
  8.18992252E-09
  2.08215205E-08
  9.92151854E-08
 -3.15790477E-10
 -7.58566614E-08
 -9.460976E-09
 -3.13429033E-10
 -7.58896661E-08
  9.3210657E-09
 -8.02208877E-09
  2.09014068E-08
 -9.90217615E-08
 -8.25262347E-09
  2.0527855E-08
  9.8914299E-08
 -3.18728901E-08
  4.54331897E-08
  7.87436605E-08
 -3.25957821E-08
  4.47488375E-08
 -8.04159583E-08
  5.95888352E-08
 -9.91093856E-08
  7.64722685E-09
  5.9231489E-08
 -9.96038239E-08
 -7.81936382E-09
 -2.28965344E-08
  5.01262356E-08
  7.76643176E-08
 -2.2949191E-08
  5.0301729E-08
 -7.91911674E-08
 -1.41350034E-08
  1.74727059E-08
 -9.99812926E-08
 -1.42199834E-08
  1.74309367E-08
  1.00128752E-07
  6.41823164E-08
 -3.9544279E-08
 -9.44756362E-09
  6.4176632E-08
 -3.95457143E-08
  9.33579969E-09
 -2.11417053E-08
  5.38952127E-09
 -9.89338602E-08
 -2.11291731E-08
  5.44675416E-09
  9.89875986E-08
 -5.51459252E-08
 -4.95596897E-09
  7.75073161E-08
 -5.51018751E-08
 -4.84239937E-09
 -7.90349119E-08
  1.15281729E-07
 -5.37578836E-12
  6.76887835E-09
  1.15282504E-07
  3.11368431E-10
 -6.9474444E-09
 -5.50364305E-08
  4.23259516E-09
  7.74796618E-08
 -5.51027455E-08
  4.85535745E-09
 -7.90417332E-08
 -2.1147331E-08
 -5.38143796E-09
 -9.89252911E-08
 -2.12034923E-08
 -5.13479437E-09
  9.88472095E-08
  6.41739746E-08
  3.95716988E-08
 -9.47650847E-09
  6.41763478E-08
  3.95451814E-08
  9.3356114E-09
 -1.41384113E-08
 -1.74754256E-08
 -9.99819747E-08
 -1.42206469E-08
 -1.74314696E-08
  1.00128808E-07
 -2.28983161E-08
 -5.01274897E-08
  7.76639411E-08
 -2.30465211E-08
 -5.0296542E-08
 -7.92420281E-08
  5.92345657E-08
  9.95793457E-08
  7.38456807E-09
  5.92039839E-08
  9.95753453E-08
 -7.80733078E-09
 -3.18702931E-08
 -4.54248479E-08
  7.8743426E-08
 -3.17636051E-08
 -4.54440858E-08
 -8.02971272E-08
 -8.33885938E-09
 -2.05563566E-08
 -9.88223405E-08
 -8.27473379E-09
 -2.05733688E-08
  9.89006068E-08
 -3.16142529E-10
  7.58511334E-08
 -9.46077883E-09
 -3.16758064E-10
  7.58546648E-08
  9.3501118E-09
  8.25406143E-09
 -2.0805027E-08
 -9.91369902E-08
  8.18988255E-09
 -2.0822073E-08
  9.92152422E-08
  3.22435163E-08
 -4.51737243E-08
  7.85542937E-08
  3.21314673E-08
 -4.51861517E-08
 -8.01114979E-08
 -5.84967381E-08
  1.00192004E-07
  7.7706428E-09
 -5.85031117E-08
  1.00203408E-07
 -8.13232148E-09
  2.24632455E-08
 -5.07174605E-08
  7.78298954E-08
  2.27090844E-08
 -5.04701809E-08
 -7.92928248E-08
  1.48859609E-08
 -1.69018612E-08
 -1.00561124E-07
  1.55138853E-08
 -1.61942264E-08
  9.89255966E-08
 -6.74533993E-08
  3.61916648E-08
 -1.0911215E-08
 -6.67622331E-08
  3.58768517E-08
  1.58376334E-08
  2.27741879E-08
 -2.40252263E-09
 -1.01376372E-07
  2.24536567E-08
 -3.36748296E-09
  9.95395197E-08
  5.50172636E-08
  4.33083347E-09
  7.76661153E-08
  5.49475381E-08
  4.0797925E-09
 -7.91902224E-08
 -1.15268683E-07
 -1.37918531E-11
  6.42376863E-09
 -1.15283569E-07
 -1.37917325E-11
 -6.78672052E-09
  5.50158497E-08
 -4.31824088E-09
  7.76595002E-08
  5.49980506E-08
 -3.23459548E-09
 -8.04929172E-08
  2.10177387E-08
  4.03160572E-09
 -9.77698207E-08
  2.10172484E-08
  4.07820977E-09
  9.77113004E-08
 -6.43313811E-08
 -3.99273503E-08
 -8.65776428E-09
 -6.44020517E-08
 -3.97745161E-08
  8.3244851E-09
  1.54676432E-08
  1.60673892E-08
 -1.00052787E-07
  1.53173794E-08
  1.62109917E-08
  1.002714E-07
  2.25783356E-08
  5.07372064E-08
  7.61545351E-08
  2.18321219E-08
  5.13051006E-08
 -7.80672664E-08
 -5.64581839E-08
 -1.01066568E-07
  4.15736823E-09
 -5.63848452E-08
 -1.00938728E-07
 -5.84074178E-10
  3.2071565E-08
  4.64824872E-08
  7.54560148E-08
  3.28705312E-08
  4.6031559E-08
 -7.73563471E-08
  9.26606347E-09
  2.00828758E-08
 -1.00984309E-07
  9.48741707E-09
  2.0006178E-08
  1.01240317E-07
 -3.40739681E-09
 -7.46956417E-08
 -1.07791358E-08
 -3.42704531E-09
 -7.48002975E-08
  1.06820943E-08
 -7.68251507E-09
  2.1265862E-08
 -9.91020457E-08
 -7.6193265E-09
  2.12916031E-08
  9.91809159E-08
 -3.0790531E-08
  4.52582007E-08
  7.77033691E-08
 -3.09074863E-08
  4.51804389E-08
 -7.91569121E-08
  5.67178553E-08
 -1.00617434E-07
  6.29927799E-09
  5.5853377E-08
 -1.01112903E-07
 -8.54474536E-09
 -2.54174282E-08
  4.76882391E-08
  8.5704464E-08
 -2.57703956E-08
  4.82620557E-08
 -8.05344698E-08
 -1.2165934E-08
  1.90628242E-08
 -9.82659145E-08
 -1.16390764E-08
  1.97206802E-08
  9.67188427E-08
  6.56733334E-08
 -3.83462044E-08
 -9.61010205E-09
  6.58001511E-08
 -3.81489933E-08
  9.59132151E-09
 -2.2449802E-08
  2.16103491E-09
 -9.84386759E-08
 -2.24311254E-08
  2.22488095E-09
  9.85174111E-08
 -5.4984568E-08
 -3.20973137E-09
  7.87793368E-08
 -5.49398322E-08
 -3.10660964E-09
 -8.03365339E-08
  1.16169268E-07
  2.60889504E-10
  7.28491134E-09
  1.16182505E-07
  2.60513916E-10
 -7.64665575E-09
 -5.56866659E-08
  6.06101169E-09
  7.74510838E-08
 -5.55778144E-08
  5.7234435E-09
 -7.89099417E-08
 -2.09908801E-08
 -5.61623104E-09
 -1.00774784E-07
 -2.06160511E-08
 -6.51755805E-09
  9.90270621E-08
  6.54874768E-08
  3.77509046E-08
 -9.16396026E-09
  6.54872707E-08
  3.74756759E-08
  1.43040975E-08
 -1.53198609E-08
 -1.48287738E-08
 -1.00720911E-07
 -1.5271187E-08
 -1.47527226E-08
  9.72115117E-08
 -2.38768418E-08
 -5.09660012E-08
  8.34494784E-08
 -2.42395899E-08
 -5.0854041E-08
 -7.81411202E-08
  5.9740124E-08
  1.00110071E-07
  6.89696167E-09
  5.8948352E-08
  1.00635127E-07
 -9.02220876E-09
 -3.16695115E-08
 -4.58452689E-08
  7.86558303E-08
 -3.17751478E-08
 -4.57549554E-08
 -8.01136153E-08
 -8.64308269E-09
 -2.05888746E-08
 -9.89167077E-08
 -8.57902016E-09
 -2.06045137E-08
  9.89955495E-08
 -3.13318171E-09
  7.51787752E-08
 -1.06701368E-08
 -3.13652948E-09
  7.51838911E-08
  1.05586313E-08
  8.43833714E-09
 -2.10531397E-08
 -1.01326251E-07
  8.66304006E-09
 -2.09968576E-08
  1.01582295E-07
  3.34779777E-08
 -4.49430608E-08
  7.58101422E-08
  3.43168942E-08
 -4.45806094E-08
 -7.76985871E-08
 -5.85256217E-08
  9.89673907E-08
  4.00475964E-09
 -5.84564432E-08
  9.88465487E-08
 -4.31478964E-10
  2.35249775E-08
 -4.96591355E-08
  7.54551621E-08
  2.28079511E-08
 -5.01522877E-08
 -7.73094087E-08
  1.54087214E-08
 -1.63032201E-08
 -1.00059019E-07
  1.49264583E-08
 -1.66758021E-08
  1.00488421E-07
 -6.35048352E-08
  4.08555216E-08
 -8.90350282E-09
 -6.40834585E-08
  4.02083025E-08
  8.65365202E-09
  2.12540847E-08
 -3.81931509E-09
 -9.75307231E-08
  2.08918873E-08
 -4.1205066E-09
  9.74693251E-08
  5.49227721E-08
  3.13049409E-09
  7.85293182E-08
  5.47503944E-08
  2.85512591E-09
 -8.04297926E-08
 -1.15969272E-07
  6.64750373E-12
  6.83188173E-09
 -1.16057549E-07
 -3.88458102E-12
 -7.36012584E-09
  5.49722863E-08
 -3.33895667E-09
  7.84625129E-08
  5.47780417E-08
 -4.08850465E-09
 -8.82026825E-08
  2.28274395E-08
  2.08582285E-09
 -1.01290766E-07
  2.29591315E-08
  2.1322335E-09
  1.06547589E-07
 -6.69949571E-08
 -3.5425014E-08
 -1.67231331E-08
 -6.72086955E-08
 -3.54780418E-08
  6.19457596E-09
  1.46089816E-08
  1.69311836E-08
 -9.55566932E-08
  1.47149013E-08
  1.70246839E-08
  1.00846457E-07
  2.30945805E-08
  5.01765207E-08
  7.84882985E-08
  2.30272494E-08
  4.99498398E-08
 -8.90947547E-08
 -5.85231597E-08
 -1.00238317E-07
  7.83940912E-09
 -5.84528586E-08
 -1.0011675E-07
 -2.52451815E-09
  3.14482165E-08
  4.54348097E-08
  7.9206103E-08
  3.12913713E-08
  4.52612383E-08
 -8.98158206E-08
  9.55550572E-09
  2.04484092E-08
 -9.57479713E-08
  9.62682911E-09
  2.05870059E-08
  1.01130325E-07
 -2.73795542E-10
 -7.57501724E-08
 -1.29198892E-08
  2.63646355E-10
 -7.58544303E-08
  6.47516663E-09
 -9.73431113E-09
  2.02440837E-08
 -9.87682967E-08
 -9.39661859E-09
  2.07152304E-08
  1.02610521E-07
 -3.19490994E-08
  4.49822259E-08
  7.95824704E-08
 -3.14853565E-08
  4.53678624E-08
 -8.83854625E-08
  5.93822307E-08
 -9.96135725E-08
  7.45099449E-09
  5.95435097E-08
 -9.90353257E-08
 -2.40232079E-09
 -2.3505331E-08
  4.98333144E-08
  7.82860212E-08
 -2.3530438E-08
  4.96036101E-08
 -8.89477789E-08
 -1.3176396E-08
  1.84209767E-08
 -9.65933324E-08
 -1.32611495E-08
  1.85519227E-08
  1.01975601E-07
  6.40756213E-08
 -3.94416482E-08
 -1.29346152E-08
  6.44608775E-08
 -3.90416979E-08
  6.46148113E-09
 -2.16262084E-08
  4.00979516E-09
 -9.89005784E-08
 -2.16673168E-08
  4.10629708E-09
  1.02521753E-07
 -5.49805392E-08
 -4.16581258E-09
  7.82016087E-08
 -5.48812729E-08
 -4.69418993E-09
 -8.78856952E-08
  1.1535311E-07
 -5.45076831E-12
  6.71903644E-09
  1.1519186E-07
 -1.37736862E-11
 -1.53518531E-09
 -5.4981939E-08
  4.17841761E-09
  7.8208231E-08
 -5.4875688E-08
  4.747708E-09
 -8.78918556E-08
 -2.16314504E-08
 -4.00148359E-09
 -9.88773721E-08
 -2.16676792E-08
 -4.10537693E-09
  1.02522961E-07
  6.40756852E-08
  3.94411472E-08
 -1.29346125E-08
  6.44619078E-08
  3.90405681E-08
  6.4607022E-09
 -1.31765221E-08
 -1.84217939E-08
 -9.65933964E-08
 -1.32645512E-08
 -1.85546565E-08
  1.01976283E-07
 -2.36026629E-08
 -4.98281238E-08
  7.83368819E-08
 -2.35322197E-08
 -4.96048607E-08
 -8.89474094E-08
  5.93547256E-08
  9.95850939E-08
  7.43896056E-09
  5.91892402E-08
  9.95052787E-08
 -2.13966089E-09
 -3.11169188E-08
 -4.56774742E-08
  7.94636392E-08
 -3.1482756E-08
 -4.5359517E-08
 -8.8385228E-08
 -9.75640457E-09
 -2.02896064E-08
 -9.87546045E-08
 -9.71337855E-09
 -2.03701909E-08
  1.024111E-07
 -2.77109835E-10
  7.57151568E-08
 -1.29489086E-08
  2.63355726E-10
  7.58488738E-08
  6.47497878E-09
  9.55556168E-09
 -2.04490451E-08
 -9.57479784E-08
  9.62662572E-09
 -2.05916599E-08
  1.01130908E-07
  3.14476623E-08
 -4.54336799E-08
  7.92064583E-08
  3.12908028E-08
 -4.52600943E-08
 -8.98162043E-08
 -5.85216924E-08
  1.00235432E-07
  7.83871013E-09
 -5.84513877E-08
  1.00113859E-07
 -2.52384869E-09
  2.30936745E-08
 -5.01751423E-08
  7.84885259E-08
  2.30263293E-08
 -4.99484401E-08
 -8.90950105E-08
  1.46092054E-08
 -1.69317644E-08
 -9.55567216E-08
  1.47151358E-08
 -1.70252736E-08
  1.00846457E-07
 -6.69948648E-08
  3.54246268E-08
 -1.6723142E-08
 -6.72086244E-08
  3.54776759E-08
  6.19456841E-09
  2.2827491E-08
 -2.08480544E-09
 -1.01291846E-07
  2.29591883E-08
 -2.13122231E-09
  1.06548661E-07
  5.49955885E-08
  4.09664436E-09
  7.75863995E-08
  5.47794592E-08
  4.10109813E-09
 -8.82092976E-08
 -1.15343475E-07
 -1.37918938E-11
  6.39504494E-09
 -1.15202724E-07
 -1.37918548E-11
 -1.08337506E-09
  5.49941745E-08
 -4.08405532E-09
  7.75797844E-08
  3.33853905E-07
  4.65425209E-08
  1.6192329E-05
 -1.23102367E-07
  3.78596184E-07
  6.26413055E-07
  2.33639526E-08
 -3.24514637E-09
  1.1785469E-07
 -6.47346994E-08
 -3.88001204E-08
 -1.3511289E-08
 -8.28363156E-08
 -1.31548106E-08
 -9.22545329E-09
  1.48751678E-08
  1.66887997E-08
 -9.70980594E-08
  1.48504142E-08
  1.70217209E-08
  1.02651903E-07
  2.26537296E-08
  5.07497369E-08
  7.42551762E-08
  2.25417178E-08
  5.06512663E-08
 -8.41038883E-08
 -5.64451419E-08
 -1.00931601E-07
  9.70440617E-10
 -5.63676252E-08
 -1.00834384E-07
  4.40867476E-09
  3.19144817E-08
  4.64736161E-08
  7.3616647E-08
  3.17518847E-08
  4.64241019E-08
 -8.34522709E-08
  1.00373656E-08
  1.98250873E-08
 -9.84287496E-08
  1.01355679E-08
  1.99810497E-08
  1.03848507E-07
 -3.26580185E-09
 -7.46706945E-08
 -1.43323247E-08
 -2.71221934E-09
 -7.47049143E-08
  7.84366971E-09
 -9.12083298E-09
  2.10066933E-08
 -9.9068501E-08
 -9.05697117E-09
  2.10803996E-08
  1.02689754E-07
 -3.02593257E-08
  4.5414577E-08
  7.83214276E-08
 -3.06662109E-08
  4.50649509E-08
 -8.80065159E-08
  5.69244918E-08
 -1.00579136E-07
  6.40503606E-09
  5.68431702E-08
 -1.00438236E-07
 -1.19618049E-09
 -2.62957975E-08
  4.78187587E-08
  7.97140842E-08
 -2.57896495E-08
  4.79963269E-08
 -8.93991583E-08
 -1.13423919E-08
  2.00225792E-08
 -9.80943042E-08
 -1.14465797E-08
  2.00099102E-08
  1.01715578E-07
  6.56584831E-08
 -3.81148659E-08
 -1.31921523E-08
  6.55047927E-08
 -3.86484125E-08
  6.71913769E-09
 -2.27921788E-08
  8.55943372E-10
 -9.50494936E-08
 -2.29512551E-08
  8.65769567E-10
  1.00432437E-07
 -5.48122294E-08
 -2.39066411E-09
  7.9431409E-08
 -5.45836336E-08
 -2.33990671E-09
 -9.00422208E-08
  1.16231178E-07
  1.59940311E-10
  7.33826289E-09
  1.16079285E-07
  2.6329855E-10
 -2.03897055E-09
 -5.55202888E-08
  5.28186028E-09
  7.81770098E-08
 -5.54279076E-08
  5.75159875E-09
 -8.70963035E-08
 -2.09705533E-08
 -5.4204099E-09
 -9.91415448E-08
 -2.10967226E-08
 -5.31283106E-09
  1.02605917E-07
  6.54846275E-08
  3.74760276E-08
 -1.42518157E-08
  6.56224586E-08
  3.75536686E-08
  5.51259394E-09
 -1.52618753E-08
 -1.47799311E-08
 -9.8983044E-08
 -1.52446411E-08
 -1.49272719E-08
  1.02412166E-07
 -2.45931773E-08
 -5.05834237E-08
  7.74212481E-08
 -2.4092321E-08
 -5.07581213E-08
 -8.7103416E-08
  5.99420034E-08
  1.00065783E-07
  7.00129865E-09
  5.98606675E-08
  9.9924911E-08
 -1.7924715E-09
 -3.11268948E-08
 -4.59891467E-08
  7.92781591E-08
 -3.15325543E-08
 -4.56401992E-08
 -8.89625227E-08
 -1.00621644E-08
 -2.03230304E-08
 -9.8916928E-08
 -1.00177866E-08
 -2.04033856E-08
  1.02503755E-07
 -2.97527514E-09
  7.50542881E-08
 -1.42088412E-08
 -2.43792919E-09
  7.52008305E-08
  6.97143232E-09
  9.19855569E-09
 -2.08153388E-08
 -9.88057707E-08
  9.30818E-09
 -2.09512478E-08
  1.04189823E-07
  3.33678898E-08
 -4.50142963E-08
  7.39625605E-08
  3.31662413E-08
 -4.48743016E-08
 -8.38120826E-08
 -5.84837743E-08
  9.88847262E-08
  8.16595846E-10
 -5.84113344E-08
  9.87692701E-08
  4.57446259E-09
  2.36545006E-08
 -4.95580892E-08
  7.35700283E-08
  2.36151596E-08
 -4.93692092E-08
 -8.34513898E-08
  1.44709409E-08
 -1.71249486E-08
 -9.76746861E-08
  1.49421684E-08
 -1.69486221E-08
  1.02956825E-07
 -6.42771667E-08
  3.95310273E-08
 -1.32486004E-08
 -6.39526831E-08
  3.99309918E-08
  5.91766769E-09
  2.14491305E-08
 -2.76524093E-09
 -9.85508919E-08
  2.18377494E-08
 -2.95362579E-09
  1.04146828E-07
  5.47156844E-08
  2.2537654E-09
  7.80567859E-08
  4.656847E-08
 -2.78386256E-08
 -1.0396149E-07
 -1.2265663E-07
 -4.02769786E-07
  7.32415401E-07
 -1.16348559E-07
  6.26279117E-09
  1.16728138E-08
  5.49904797E-08
 -3.01477465E-09
  7.81200669E-08
  5.48816246E-08
 -3.7115222E-09
 -8.46092973E-08
  2.19014282E-08
  3.26020433E-09
 -1.06232044E-07
  2.30523653E-08
  2.24771823E-09
  1.08883079E-07
 -6.69608866E-08
 -3.56436374E-08
 -1.20729995E-08
 -6.47238991E-08
 -3.8200163E-08
  8.84429507E-09
  1.34903582E-08
  1.79796853E-08
 -1.05088219E-07
  1.48205563E-08
  1.71956049E-08
  1.06082233E-07
  2.31294859E-08
  5.00963679E-08
  8.27444211E-08
  2.29109656E-08
  5.03866247E-08
 -8.56007389E-08
 -5.83698814E-08
 -1.00110832E-07
 -3.3878636E-10
 -5.83945017E-08
 -1.00040069E-07
  2.29791208E-09
  3.13640349E-08
  4.54143958E-08
  8.3467441E-08
  3.15213384E-08
  4.5330939E-08
 -8.57787583E-08
  9.36959488E-09
  2.06909743E-08
 -1.04420529E-07
  9.65721547E-09
  2.06855013E-08
  1.06220647E-07
 -2.76533962E-10
 -7.57157963E-08
 -1.18851018E-08
 -2.91266566E-10
 -7.57980985E-08
  7.39980344E-09
 -9.4367314E-09
  2.04486277E-08
 -1.04081685E-07
 -9.45770395E-09
  2.05003072E-08
  1.06307787E-07
 -3.11009281E-08
  4.56942288E-08
  8.20371682E-08
 -3.11041646E-08
  4.56263365E-08
 -8.57086633E-08
  5.85566973E-08
 -1.00088705E-07
 -1.23229726E-09
  5.88367151E-08
 -9.95177558E-08
  3.4603358E-09
 -2.35809612E-08
  4.97688646E-08
  8.25905886E-08
 -2.23119798E-08
  5.1219228E-08
 -8.45946815E-08
 -1.38953E-08
  1.7654795E-08
 -1.05835156E-07
 -1.33643621E-08
  1.8643675E-08
  1.0708122E-07
  6.40983586E-08
 -3.93849646E-08
 -1.1845982E-08
  6.40251443E-08
 -3.95337914E-08
  7.91625254E-09
 -2.16555911E-08
  4.22574775E-09
 -1.04208972E-07
 -2.17322018E-08
  4.15124601E-09
  1.05984867E-07
 -5.49799601E-08
 -4.41569981E-09
  8.29024032E-08
 -5.49172476E-08
 -4.29799663E-09
 -8.50812469E-08
  1.15167829E-07
 -5.3782495E-12
 -4.43168974E-10
  1.15135904E-07
  3.1136782E-10
  1.73847114E-09
 -5.4870462E-08
  3.69232311E-09
  8.28747417E-08
 -5.49181394E-08
  4.31094849E-09
 -8.50880539E-08
 -2.16612488E-08
 -4.21765067E-09
 -1.04200403E-07
 -2.18065299E-08
 -3.83927867E-09
  1.05844471E-07
  6.40900026E-08
  3.94123951E-08
 -1.18749561E-08
  6.40247535E-08
  3.95333082E-08
  7.91607491E-09
 -1.38954617E-08
 -1.76556458E-08
 -1.0583517E-07
 -1.3365054E-08
 -1.86442346E-08
  1.07081235E-07
 -2.35798829E-08
 -4.97664381E-08
  8.25905531E-08
 -2.23109247E-08
 -5.1216805E-08
 -8.45946815E-08
  5.85603068E-08
  1.00094702E-07
 -1.23182697E-09
  5.88403353E-08
  9.9523767E-08
  3.45986328E-09
 -3.11014929E-08
 -4.56952414E-08
  8.20369124E-08
 -3.1104733E-08
 -4.56273774E-08
 -8.57084146E-08
 -9.43685841E-09
 -2.04490291E-08
 -1.04081685E-07
 -9.45780965E-09
 -2.05007069E-08
  1.06307773E-07
 -2.76317969E-10
  7.57151568E-08
 -1.18851267E-08
 -2.91184993E-10
  7.579753E-08
  7.39975414E-09
  9.36950517E-09
 -2.06915391E-08
 -1.04420629E-07
  9.65717728E-09
 -2.06860999E-08
  1.06220526E-07
  3.13634168E-08
 -4.54131879E-08
  8.3467647E-08
  3.15219673E-08
 -4.53317455E-08
 -8.57790212E-08
 -5.83682365E-08
  1.00107194E-07
 -3.39376777E-10
 -5.83930593E-08
  1.00037312E-07
  2.29844277E-09
  2.31285657E-08
 -5.00949078E-08
  8.27445774E-08
  2.29100703E-08
 -5.03849513E-08
 -8.56009947E-08
  1.34905784E-08
 -1.79801507E-08
 -1.05088247E-07
  1.48207659E-08
 -1.71961254E-08
  1.06082204E-07
 -6.69608227E-08
  3.56432892E-08
 -1.20730217E-08
 -6.47238423E-08
  3.81998397E-08
  8.84430129E-09
  2.19014691E-08
 -3.25916161E-09
 -1.06233117E-07
  2.30524098E-08
 -2.24668262E-09
  1.08884144E-07
  5.4899747E-08
  3.82196674E-09
  8.22539619E-08
  5.4883035E-08
  3.72412257E-09
 -8.46159125E-08
 -1.15127776E-07
 -1.37925036E-11
 -1.81096493E-09
 -1.15095041E-07
 -1.37918002E-11
  3.68689634E-09
  5.4898333E-08
 -3.80936882E-09
  8.22473467E-08
  5.47226477E-08
 -3.21810867E-09
 -1.54824292E-07
 -2.87044514E-07
  1.00611953E-06
  6.32705337E-07
 -1.79502001E-06
  5.88487819E-06
  8.5765414E-06
  4.57196592E-07
 -1.15913315E-06
 -5.0850889E-07
 -6.77648302E-08
 -3.16042446E-08
  1.76460286E-08
  1.51296202E-08
  1.66252327E-08
 -1.04245608E-07
  1.93529566E-08
  2.247487E-08
  1.03450319E-07
  2.26701378E-08
  5.04986986E-08
  7.90414134E-08
  2.25865531E-08
  5.04754674E-08
 -8.43652188E-08
 -5.62429712E-08
 -1.00898042E-07
 -3.3044647E-09
 -5.61748728E-08
 -1.00857854E-07
  5.8650893E-09
  3.23861968E-08
  4.56851943E-08
  7.8153974E-08
  3.24829443E-08
  4.56312499E-08
 -8.37302849E-08
  9.54821555E-09
  2.08444533E-08
 -1.05706128E-07
  9.56626423E-09
  2.09378044E-08
  1.08355643E-07
 -2.97362868E-09
 -7.52253015E-08
 -1.30678401E-08
 -2.94074254E-09
 -7.52103375E-08
  8.53768878E-09
 -8.93386431E-09
  2.12345714E-08
 -1.04277809E-07
 -9.08790554E-09
  2.12386464E-08
  1.06180423E-07
 -3.0516059E-08
  4.52787212E-08
  8.29742532E-08
 -3.05726182E-08
  4.52389735E-08
 -8.54847144E-08
  5.56815714E-08
 -1.01715763E-07
  9.68303993E-10
  5.67313236E-08
 -1.00364439E-07
  1.49317758E-09
 -2.60298734E-08
  4.79479532E-08
  8.43663486E-08
 -2.35035014E-08
  5.08832585E-08
 -8.73837394E-08
 -1.24518573E-08
  1.83700415E-08
 -1.04212894E-07
 -1.15886367E-08
  2.00673007E-08
  1.05235522E-07
  6.5617705E-08
 -3.81610619E-08
 -1.21040733E-08
  6.54473453E-08
 -3.81986958E-08
  8.23830515E-09
 -2.29539197E-08
  1.06568721E-09
 -1.03806926E-07
 -2.30530741E-08
  8.75186035E-10
  1.05513692E-07
 -5.47572192E-08
 -2.38814213E-09
  8.36674943E-08
 -5.47558265E-08
 -2.50613508E-09
 -8.59915446E-08
  1.1603332E-07
  3.10460907E-10
 -8.89592677E-10
  1.15968504E-07
  5.50688106E-10
  3.18693494E-09
 -5.55250423E-08
  5.26349409E-09
  8.07291229E-08
 -5.54533948E-08
  5.33928857E-09
 -8.46614299E-08
 -2.10370192E-08
 -5.57804203E-09
 -1.04594676E-07
 -2.10661693E-08
 -5.65060132E-09
  1.06627461E-07
  6.54912E-08
  3.75597793E-08
 -1.00163096E-08
  6.54649597E-08
  3.76930132E-08
  7.25127336E-09
 -1.53291602E-08
 -1.49131036E-08
 -1.05076062E-07
 -1.53569601E-08
 -1.49253232E-08
  1.06415477E-07
 -2.4334236E-08
 -5.07281186E-08
  8.20881141E-08
 -2.42330316E-08
 -5.07601783E-08
 -8.51155164E-08
  5.97673449E-08
  9.99876519E-08
  7.49610485E-10
  5.9831244E-08
  9.98971217E-08
  9.46778211E-10
 -3.14338138E-08
 -4.58235974E-08
  8.39550438E-08
 -3.13486588E-08
 -4.58237288E-08
 -8.63749037E-08
 -9.78290604E-09
 -2.04707362E-08
 -1.04107023E-07
 -9.72363434E-09
 -2.05173727E-08
  1.05585798E-07
 -2.96709013E-09
  7.50902487E-08
 -1.14810366E-08
 -2.9350673E-09
  7.51335278E-08
  8.40883274E-09
  9.4810213E-09
 -2.09265103E-08
 -1.0594885E-07
  9.33303745E-09
 -2.10117364E-08
  1.08048809E-07
  3.34584449E-08
 -4.49090294E-08
  7.88085117E-08
  3.34524124E-08
 -4.48053825E-08
 -8.39562162E-08
 -5.84429394E-08
  9.88323094E-08
 -3.62395958E-09
 -5.84125353E-08
  9.87744642E-08
  6.04291417E-09
  2.3547333E-08
 -4.95861343E-08
  7.84406069E-08
  2.34357973E-08
 -4.95440773E-08
 -8.35953884E-08
  1.44244483E-08
 -1.73837087E-08
 -1.04932688E-07
  1.44857362E-08
 -1.7429084E-08
  1.07403856E-07
 -6.36070467E-08
  4.05618863E-08
 -1.18230741E-08
 -6.35960973E-08
  4.07012593E-08
  7.36900674E-09
  2.16774385E-08
 -2.61852517E-09
 -1.03893044E-07
  2.76921828E-08
 -6.54677601E-09
  1.02779438E-07
  1.59861216E-07
  1.24082328E-06
 -4.20367229E-07
  5.43231238E-08
 -5.78709924E-09
 -7.52945795E-08
 -6.0717845E-08
 -1.04820163E-06
  7.39009522E-07
  2.02804756E-07
 -6.15846693E-06
  8.48940726E-06
  1.06755647E-06
  1.828069E-07
 -3.5016099E-05
