 (n,m)=          15           0
 clat=   4.2539167833891627      ncells=           5
         300
 
 C   5.7351416279028804        1.2190419851176502        3.5449306528243021     
 C   5.3563619428981264        2.3848059858732102        2.8359445222594415     
 C   5.3563619428981264        2.3848059858732094        1.4179722611297207     
 C   4.7434835383124554        3.4463425214773467       0.70898613056486037     
 C   4.7434835383124554        3.4463425214773467        3.5449306528243021     
 C   3.9232921413431354        4.3572573515067115        2.8359445222594415     
 C   3.9232921413431368        4.3572573515067106        1.4179722611297207     
 C   2.9316340517527100        5.0777391268347056       0.70898613056486037     
 C   2.9316340517527100        5.0777391268347056        3.5449306528243021     
 C   1.8118494865597432        5.5762993366243601        2.8359445222594415     
 C   1.8118494865597432        5.5762993366243601        1.4179722611297207     
 C  0.61287840458566956        5.8311485073505560       0.70898613056486037     
 C  0.61287840458566956        5.8311485073505560        3.5449306528243021     
 C -0.61287840458567400        5.8311485073505551        2.8359445222594415     
 C -0.61287840458567133        5.8311485073505551        1.4179722611297207     
 C  -1.8118494865597450        5.5762993366243601       0.70898613056486037     
 C  -1.8118494865597450        5.5762993366243601        3.5449306528243021     
 C  -2.9316340517527149        5.0777391268347021        2.8359445222594415     
 C  -2.9316340517527131        5.0777391268347030        1.4179722611297207     
 C  -3.9232921413431368        4.3572573515067106       0.70898613056486037     
 C  -3.9232921413431368        4.3572573515067106        3.5449306528243021     
 C  -4.7434835383124572        3.4463425214773440        2.8359445222594415     
 C  -4.7434835383124554        3.4463425214773467        1.4179722611297207     
 C  -5.3563619428981273        2.3848059858732085       0.70898613056486037     
 C  -5.3563619428981273        2.3848059858732085        3.5449306528243021     
 C  -5.7351416279028813        1.2190419851176471        2.8359445222594415     
 C  -5.7351416279028813        1.2190419851176471        1.4179722611297207     
 C  -5.8632681035054235       -4.4895849468995279E-015  0.70898613056486037     
 C  -5.8632681035054235       -4.4895849468995279E-015   3.5449306528243021     
 C  -5.7351416279028804       -1.2190419851176508        2.8359445222594415     
 C  -5.7351416279028804       -1.2190419851176508        1.4179722611297207     
 C  -5.3563619428981255       -2.3848059858732116       0.70898613056486037     
 C  -5.3563619428981255       -2.3848059858732116        3.5449306528243021     
 C  -4.7434835383124545       -3.4463425214773471        2.8359445222594415     
 C  -4.7434835383124545       -3.4463425214773471        1.4179722611297207     
 C  -3.9232921413431341       -4.3572573515067123       0.70898613056486037     
 C  -3.9232921413431341       -4.3572573515067123        3.5449306528243021     
 C  -2.9316340517527095       -5.0777391268347056        2.8359445222594415     
 C  -2.9316340517527095       -5.0777391268347056        1.4179722611297207     
 C  -1.8118494865597401       -5.5762993366243609       0.70898613056486037     
 C  -1.8118494865597401       -5.5762993366243609        3.5449306528243021     
 C -0.61287840458567022       -5.8311485073505560        2.8359445222594415     
 C -0.61287840458567022       -5.8311485073505560        1.4179722611297207     
 C  0.61287840458567322       -5.8311485073505551       0.70898613056486037     
 C  0.61287840458567322       -5.8311485073505551        3.5449306528243021     
 C   1.8118494865597430       -5.5762993366243601        2.8359445222594415     
 C   1.8118494865597430       -5.5762993366243601        1.4179722611297207     
 C   2.9316340517527122       -5.0777391268347039       0.70898613056486037     
 C   2.9316340517527171       -5.0777391268347012        3.5449306528243021     
 C   3.9232921413431381       -4.3572573515067088        2.8359445222594415     
 C   3.9232921413431381       -4.3572573515067088        1.4179722611297207     
 C   4.7434835383124581       -3.4463425214773427       0.70898613056486037     
 C   4.7434835383124581       -3.4463425214773427        3.5449306528243021     
 C   5.3563619428981291       -2.3848059858732040        2.8359445222594415     
 C   5.3563619428981291       -2.3848059858732040        1.4179722611297207     
 C   5.7351416279028822       -1.2190419851176426       0.70898613056486037     
 C   5.7351416279028822       -1.2190419851176426        3.5449306528243021     
 C   5.8632681035054235        8.9791698937990559E-015   2.8359445222594415     
 C   5.8632681035054235        8.9791698937990559E-015   1.4179722611297207     
 C   5.7351416279028804        1.2190419851176499       0.70898613056486037     
 C   5.7351416279028804        1.2190419851176502        7.7988474362134648     
 C   5.3563619428981264        2.3848059858732102        7.0898613056486042     
 C   5.3563619428981264        2.3848059858732094        5.6718890445188830     
 C   4.7434835383124554        3.4463425214773467        4.9629029139540233     
 C   4.7434835383124554        3.4463425214773467        7.7988474362134648     
 C   3.9232921413431354        4.3572573515067115        7.0898613056486042     
 C   3.9232921413431368        4.3572573515067106        5.6718890445188830     
 C   2.9316340517527100        5.0777391268347056        4.9629029139540233     
 C   2.9316340517527100        5.0777391268347056        7.7988474362134648     
 C   1.8118494865597432        5.5762993366243601        7.0898613056486042     
 C   1.8118494865597432        5.5762993366243601        5.6718890445188830     
 C  0.61287840458566956        5.8311485073505560        4.9629029139540233     
 C  0.61287840458566956        5.8311485073505560        7.7988474362134648     
 C -0.61287840458567400        5.8311485073505551        7.0898613056486042     
 C -0.61287840458567133        5.8311485073505551        5.6718890445188830     
 C  -1.8118494865597450        5.5762993366243601        4.9629029139540233     
 C  -1.8118494865597450        5.5762993366243601        7.7988474362134648     
 C  -2.9316340517527149        5.0777391268347021        7.0898613056486042     
 C  -2.9316340517527131        5.0777391268347030        5.6718890445188830     
 C  -3.9232921413431368        4.3572573515067106        4.9629029139540233     
 C  -3.9232921413431368        4.3572573515067106        7.7988474362134648     
 C  -4.7434835383124572        3.4463425214773440        7.0898613056486042     
 C  -4.7434835383124554        3.4463425214773467        5.6718890445188830     
 C  -5.3563619428981273        2.3848059858732085        4.9629029139540233     
 C  -5.3563619428981273        2.3848059858732085        7.7988474362134648     
 C  -5.7351416279028813        1.2190419851176471        7.0898613056486042     
 C  -5.7351416279028813        1.2190419851176471        5.6718890445188830     
 C  -5.8632681035054235       -4.4895849468995279E-015   4.9629029139540233     
 C  -5.8632681035054235       -4.4895849468995279E-015   7.7988474362134648     
 C  -5.7351416279028804       -1.2190419851176508        7.0898613056486042     
 C  -5.7351416279028804       -1.2190419851176508        5.6718890445188830     
 C  -5.3563619428981255       -2.3848059858732116        4.9629029139540233     
 C  -5.3563619428981255       -2.3848059858732116        7.7988474362134648     
 C  -4.7434835383124545       -3.4463425214773471        7.0898613056486042     
 C  -4.7434835383124545       -3.4463425214773471        5.6718890445188830     
 C  -3.9232921413431341       -4.3572573515067123        4.9629029139540233     
 C  -3.9232921413431341       -4.3572573515067123        7.7988474362134648     
 C  -2.9316340517527095       -5.0777391268347056        7.0898613056486042     
 C  -2.9316340517527095       -5.0777391268347056        5.6718890445188830     
 C  -1.8118494865597401       -5.5762993366243609        4.9629029139540233     
 C  -1.8118494865597401       -5.5762993366243609        7.7988474362134648     
 C -0.61287840458567022       -5.8311485073505560        7.0898613056486042     
 C -0.61287840458567022       -5.8311485073505560        5.6718890445188830     
 C  0.61287840458567322       -5.8311485073505551        4.9629029139540233     
 C  0.61287840458567322       -5.8311485073505551        7.7988474362134648     
 C   1.8118494865597430       -5.5762993366243601        7.0898613056486042     
 C   1.8118494865597430       -5.5762993366243601        5.6718890445188830     
 C   2.9316340517527122       -5.0777391268347039        4.9629029139540233     
 C   2.9316340517527171       -5.0777391268347012        7.7988474362134648     
 C   3.9232921413431381       -4.3572573515067088        7.0898613056486042     
 C   3.9232921413431381       -4.3572573515067088        5.6718890445188830     
 C   4.7434835383124581       -3.4463425214773427        4.9629029139540233     
 C   4.7434835383124581       -3.4463425214773427        7.7988474362134648     
 C   5.3563619428981291       -2.3848059858732040        7.0898613056486042     
 C   5.3563619428981291       -2.3848059858732040        5.6718890445188830     
 C   5.7351416279028822       -1.2190419851176426        4.9629029139540233     
 C   5.7351416279028822       -1.2190419851176426        7.7988474362134648     
 C   5.8632681035054235        8.9791698937990559E-015   7.0898613056486042     
 C   5.8632681035054235        8.9791698937990559E-015   5.6718890445188830     
 C   5.7351416279028804        1.2190419851176499        4.9629029139540233     
 C   5.7351416279028804        1.2190419851176502        12.052764219602627     
 C   5.3563619428981264        2.3848059858732102        11.343778089037766     
 C   5.3563619428981264        2.3848059858732094        9.9258058279080466     
 C   4.7434835383124554        3.4463425214773467        9.2168196973431851     
 C   4.7434835383124554        3.4463425214773467        12.052764219602627     
 C   3.9232921413431354        4.3572573515067115        11.343778089037766     
 C   3.9232921413431368        4.3572573515067106        9.9258058279080466     
 C   2.9316340517527100        5.0777391268347056        9.2168196973431851     
 C   2.9316340517527100        5.0777391268347056        12.052764219602627     
 C   1.8118494865597432        5.5762993366243601        11.343778089037766     
 C   1.8118494865597432        5.5762993366243601        9.9258058279080466     
 C  0.61287840458566956        5.8311485073505560        9.2168196973431851     
 C  0.61287840458566956        5.8311485073505560        12.052764219602627     
 C -0.61287840458567400        5.8311485073505551        11.343778089037766     
 C -0.61287840458567133        5.8311485073505551        9.9258058279080466     
 C  -1.8118494865597450        5.5762993366243601        9.2168196973431851     
 C  -1.8118494865597450        5.5762993366243601        12.052764219602627     
 C  -2.9316340517527149        5.0777391268347021        11.343778089037766     
 C  -2.9316340517527131        5.0777391268347030        9.9258058279080466     
 C  -3.9232921413431368        4.3572573515067106        9.2168196973431851     
 C  -3.9232921413431368        4.3572573515067106        12.052764219602627     
 C  -4.7434835383124572        3.4463425214773440        11.343778089037766     
 C  -4.7434835383124554        3.4463425214773467        9.9258058279080466     
 C  -5.3563619428981273        2.3848059858732085        9.2168196973431851     
 C  -5.3563619428981273        2.3848059858732085        12.052764219602627     
 C  -5.7351416279028813        1.2190419851176471        11.343778089037766     
 C  -5.7351416279028813        1.2190419851176471        9.9258058279080466     
 C  -5.8632681035054235       -4.4895849468995279E-015   9.2168196973431851     
 C  -5.8632681035054235       -4.4895849468995279E-015   12.052764219602627     
 C  -5.7351416279028804       -1.2190419851176508        11.343778089037766     
 C  -5.7351416279028804       -1.2190419851176508        9.9258058279080466     
 C  -5.3563619428981255       -2.3848059858732116        9.2168196973431851     
 C  -5.3563619428981255       -2.3848059858732116        12.052764219602627     
 C  -4.7434835383124545       -3.4463425214773471        11.343778089037766     
 C  -4.7434835383124545       -3.4463425214773471        9.9258058279080466     
 C  -3.9232921413431341       -4.3572573515067123        9.2168196973431851     
 C  -3.9232921413431341       -4.3572573515067123        12.052764219602627     
 C  -2.9316340517527095       -5.0777391268347056        11.343778089037766     
 C  -2.9316340517527095       -5.0777391268347056        9.9258058279080466     
 C  -1.8118494865597401       -5.5762993366243609        9.2168196973431851     
 C  -1.8118494865597401       -5.5762993366243609        12.052764219602627     
 C -0.61287840458567022       -5.8311485073505560        11.343778089037766     
 C -0.61287840458567022       -5.8311485073505560        9.9258058279080466     
 C  0.61287840458567322       -5.8311485073505551        9.2168196973431851     
 C  0.61287840458567322       -5.8311485073505551        12.052764219602627     
 C   1.8118494865597430       -5.5762993366243601        11.343778089037766     
 C   1.8118494865597430       -5.5762993366243601        9.9258058279080466     
 C   2.9316340517527122       -5.0777391268347039        9.2168196973431851     
 C   2.9316340517527171       -5.0777391268347012        12.052764219602627     
 C   3.9232921413431381       -4.3572573515067088        11.343778089037766     
 C   3.9232921413431381       -4.3572573515067088        9.9258058279080466     
 C   4.7434835383124581       -3.4463425214773427        9.2168196973431851     
 C   4.7434835383124581       -3.4463425214773427        12.052764219602627     
 C   5.3563619428981291       -2.3848059858732040        11.343778089037766     
 C   5.3563619428981291       -2.3848059858732040        9.9258058279080466     
 C   5.7351416279028822       -1.2190419851176426        9.2168196973431851     
 C   5.7351416279028822       -1.2190419851176426        12.052764219602627     
 C   5.8632681035054235        8.9791698937990559E-015   11.343778089037766     
 C   5.8632681035054235        8.9791698937990559E-015   9.9258058279080466     
 C   5.7351416279028804        1.2190419851176499        9.2168196973431851     
 C   5.7351416279028804        1.2190419851176502        16.306681002991791     
 C   5.3563619428981264        2.3848059858732102        15.597694872426931     
 C   5.3563619428981264        2.3848059858732094        14.179722611297210     
 C   4.7434835383124554        3.4463425214773467        13.470736480732349     
 C   4.7434835383124554        3.4463425214773467        16.306681002991791     
 C   3.9232921413431354        4.3572573515067115        15.597694872426931     
 C   3.9232921413431368        4.3572573515067106        14.179722611297210     
 C   2.9316340517527100        5.0777391268347056        13.470736480732349     
 C   2.9316340517527100        5.0777391268347056        16.306681002991791     
 C   1.8118494865597432        5.5762993366243601        15.597694872426931     
 C   1.8118494865597432        5.5762993366243601        14.179722611297210     
 C  0.61287840458566956        5.8311485073505560        13.470736480732349     
 C  0.61287840458566956        5.8311485073505560        16.306681002991791     
 C -0.61287840458567400        5.8311485073505551        15.597694872426931     
 C -0.61287840458567133        5.8311485073505551        14.179722611297210     
 C  -1.8118494865597450        5.5762993366243601        13.470736480732349     
 C  -1.8118494865597450        5.5762993366243601        16.306681002991791     
 C  -2.9316340517527149        5.0777391268347021        15.597694872426931     
 C  -2.9316340517527131        5.0777391268347030        14.179722611297210     
 C  -3.9232921413431368        4.3572573515067106        13.470736480732349     
 C  -3.9232921413431368        4.3572573515067106        16.306681002991791     
 C  -4.7434835383124572        3.4463425214773440        15.597694872426931     
 C  -4.7434835383124554        3.4463425214773467        14.179722611297210     
 C  -5.3563619428981273        2.3848059858732085        13.470736480732349     
 C  -5.3563619428981273        2.3848059858732085        16.306681002991791     
 C  -5.7351416279028813        1.2190419851176471        15.597694872426931     
 C  -5.7351416279028813        1.2190419851176471        14.179722611297210     
 C  -5.8632681035054235       -4.4895849468995279E-015   13.470736480732349     
 C  -5.8632681035054235       -4.4895849468995279E-015   16.306681002991791     
 C  -5.7351416279028804       -1.2190419851176508        15.597694872426931     
 C  -5.7351416279028804       -1.2190419851176508        14.179722611297210     
 C  -5.3563619428981255       -2.3848059858732116        13.470736480732349     
 C  -5.3563619428981255       -2.3848059858732116        16.306681002991791     
 C  -4.7434835383124545       -3.4463425214773471        15.597694872426931     
 C  -4.7434835383124545       -3.4463425214773471        14.179722611297210     
 C  -3.9232921413431341       -4.3572573515067123        13.470736480732349     
 C  -3.9232921413431341       -4.3572573515067123        16.306681002991791     
 C  -2.9316340517527095       -5.0777391268347056        15.597694872426931     
 C  -2.9316340517527095       -5.0777391268347056        14.179722611297210     
 C  -1.8118494865597401       -5.5762993366243609        13.470736480732349     
 C  -1.8118494865597401       -5.5762993366243609        16.306681002991791     
 C -0.61287840458567022       -5.8311485073505560        15.597694872426931     
 C -0.61287840458567022       -5.8311485073505560        14.179722611297210     
 C  0.61287840458567322       -5.8311485073505551        13.470736480732349     
 C  0.61287840458567322       -5.8311485073505551        16.306681002991791     
 C   1.8118494865597430       -5.5762993366243601        15.597694872426931     
 C   1.8118494865597430       -5.5762993366243601        14.179722611297210     
 C   2.9316340517527122       -5.0777391268347039        13.470736480732349     
 C   2.9316340517527171       -5.0777391268347012        16.306681002991791     
 C   3.9232921413431381       -4.3572573515067088        15.597694872426931     
 C   3.9232921413431381       -4.3572573515067088        14.179722611297210     
 C   4.7434835383124581       -3.4463425214773427        13.470736480732349     
 C   4.7434835383124581       -3.4463425214773427        16.306681002991791     
 C   5.3563619428981291       -2.3848059858732040        15.597694872426931     
 C   5.3563619428981291       -2.3848059858732040        14.179722611297210     
 C   5.7351416279028822       -1.2190419851176426        13.470736480732349     
 C   5.7351416279028822       -1.2190419851176426        16.306681002991791     
 C   5.8632681035054235        8.9791698937990559E-015   15.597694872426931     
 C   5.8632681035054235        8.9791698937990559E-015   14.179722611297210     
 C   5.7351416279028804        1.2190419851176499        13.470736480732349     
 C   5.7351416279028804        1.2190419851176502        20.560597786380953     
 C   5.3563619428981264        2.3848059858732102        19.851611655816093     
 C   5.3563619428981264        2.3848059858732094        18.433639394686370     
 C   4.7434835383124554        3.4463425214773467        17.724653264121510     
 C   4.7434835383124554        3.4463425214773467        20.560597786380953     
 C   3.9232921413431354        4.3572573515067115        19.851611655816093     
 C   3.9232921413431368        4.3572573515067106        18.433639394686370     
 C   2.9316340517527100        5.0777391268347056        17.724653264121510     
 C   2.9316340517527100        5.0777391268347056        20.560597786380953     
 C   1.8118494865597432        5.5762993366243601        19.851611655816093     
 C   1.8118494865597432        5.5762993366243601        18.433639394686370     
 C  0.61287840458566956        5.8311485073505560        17.724653264121510     
 C  0.61287840458566956        5.8311485073505560        20.560597786380953     
 C -0.61287840458567400        5.8311485073505551        19.851611655816093     
 C -0.61287840458567133        5.8311485073505551        18.433639394686370     
 C  -1.8118494865597450        5.5762993366243601        17.724653264121510     
 C  -1.8118494865597450        5.5762993366243601        20.560597786380953     
 C  -2.9316340517527149        5.0777391268347021        19.851611655816093     
 C  -2.9316340517527131        5.0777391268347030        18.433639394686370     
 C  -3.9232921413431368        4.3572573515067106        17.724653264121510     
 C  -3.9232921413431368        4.3572573515067106        20.560597786380953     
 C  -4.7434835383124572        3.4463425214773440        19.851611655816093     
 C  -4.7434835383124554        3.4463425214773467        18.433639394686370     
 C  -5.3563619428981273        2.3848059858732085        17.724653264121510     
 C  -5.3563619428981273        2.3848059858732085        20.560597786380953     
 C  -5.7351416279028813        1.2190419851176471        19.851611655816093     
 C  -5.7351416279028813        1.2190419851176471        18.433639394686370     
 C  -5.8632681035054235       -4.4895849468995279E-015   17.724653264121510     
 C  -5.8632681035054235       -4.4895849468995279E-015   20.560597786380953     
 C  -5.7351416279028804       -1.2190419851176508        19.851611655816093     
 C  -5.7351416279028804       -1.2190419851176508        18.433639394686370     
 C  -5.3563619428981255       -2.3848059858732116        17.724653264121510     
 C  -5.3563619428981255       -2.3848059858732116        20.560597786380953     
 C  -4.7434835383124545       -3.4463425214773471        19.851611655816093     
 C  -4.7434835383124545       -3.4463425214773471        18.433639394686370     
 C  -3.9232921413431341       -4.3572573515067123        17.724653264121510     
 C  -3.9232921413431341       -4.3572573515067123        20.560597786380953     
 C  -2.9316340517527095       -5.0777391268347056        19.851611655816093     
 C  -2.9316340517527095       -5.0777391268347056        18.433639394686370     
 C  -1.8118494865597401       -5.5762993366243609        17.724653264121510     
 C  -1.8118494865597401       -5.5762993366243609        20.560597786380953     
 C -0.61287840458567022       -5.8311485073505560        19.851611655816093     
 C -0.61287840458567022       -5.8311485073505560        18.433639394686370     
 C  0.61287840458567322       -5.8311485073505551        17.724653264121510     
 C  0.61287840458567322       -5.8311485073505551        20.560597786380953     
 C   1.8118494865597430       -5.5762993366243601        19.851611655816093     
 C   1.8118494865597430       -5.5762993366243601        18.433639394686370     
 C   2.9316340517527122       -5.0777391268347039        17.724653264121510     
 C   2.9316340517527171       -5.0777391268347012        20.560597786380953     
 C   3.9232921413431381       -4.3572573515067088        19.851611655816093     
 C   3.9232921413431381       -4.3572573515067088        18.433639394686370     
 C   4.7434835383124581       -3.4463425214773427        17.724653264121510     
 C   4.7434835383124581       -3.4463425214773427        20.560597786380953     
 C   5.3563619428981291       -2.3848059858732040        19.851611655816093     
 C   5.3563619428981291       -2.3848059858732040        18.433639394686370     
 C   5.7351416279028822       -1.2190419851176426        17.724653264121510     
 C   5.7351416279028822       -1.2190419851176426        20.560597786380953     
 C   5.8632681035054235        8.9791698937990559E-015   19.851611655816093     
 C   5.8632681035054235        8.9791698937990559E-015   18.433639394686370     
 C   5.7351416279028804        1.2190419851176499        17.724653264121510     
