  0.58676258695835160        1885.5503177795706     
  0.67939513561485299        1887.7061415443659     
  0.80538396377808719        1891.8471016321862     
  0.68954105935479626        1911.4028764868017     
  0.77773852847338965        1916.2293946878929     
  0.72264067465840864        1990.8078018613653     
  0.77299897453466815        1998.5085279861555     
  0.78710641609969945        2052.1283032268016     
  0.98934799242629956        2797.5068537813499     
   1.0358264399645529        2798.4737442507894     
   1.0535312666132735        2799.9928740617997     
   1.0790677153720412        2792.3850500668186     
   1.1488965831697291        2792.8880296048860     
   1.2317598690037188        2793.1093598364591     
   1.2244292295349568        2793.4782622023104     
   1.2051735240426864        2791.1620131104460     
   1.3392301013822203        2790.5589974102522     
   1.2584684835612503        2775.2136817309283     
   1.3743221261848781        2774.3852542480745     
   1.4279788389974166        2772.3912251602160     
   1.3616868646905111        2730.7628191895342     
   1.4871009257846188        2729.6364263168666     
   1.5173126428541051        2727.4798153081483     
   1.5309647933944761        2723.7801141259697     
   1.5450508816862918        2710.8010041195421     
   1.6924059920135250        2709.3825472551889     
   1.6121770466483696        2610.8307868157312     
   1.7087973284577713        2610.2966262785676     
   1.7304201371569805        2607.2680261659784     
   1.8706016153171905        2606.3870176943269     
   1.7758662944785673        2573.0908519622726     
   1.8766803221725721        2569.3100419324469     
   1.9360735701706495        2565.2411723555356     
   2.0406455501875946        2561.4200680725603     
   1.8281504696036583        2049.6738258012037     
   1.8404001899970195        1980.3289645105879     
   1.8420147430050102        1728.9953105842364     
   1.9192097036976998        1725.2415974975827     
   2.0112985679309761        1723.1448743883373     
   1.9983050287900002        1714.8163169455079     
   2.1353971965629617        1713.3109886775674     
   2.0963471521879522        1706.0334561140721     
   2.2513224331330814        1704.0490218787127     
   2.2078297178874577        1687.2464297644419     
   2.3294227716247682        1685.7145862422615     
   2.3800587148322281        1682.0054815024894     
   2.4968645180694913        1679.0583104136672     
   2.4867207676941274        1653.9385491704966     
   2.5028822160826105        1648.4104688622526     
   2.6513812629854319        1647.8806520051853     
   2.6351031198312493        1641.0727890052542     
   2.7841981031494498        1640.3430327641199     
   2.7244865355905441        1632.7424400500156     
   2.9633249269619824        1632.4132088453091     
   2.9485600040607083        1629.1749265444689     
   3.1008615188418740        1627.8679633237243     
   3.1590245555680645        1625.2705323307061     
   3.1715219081137653        1616.1798621065589     
   3.3251403185101891        1615.3108627941642     
   3.3300845153482950        1595.7712693235453     
   3.3442631178574578        1591.1878305310456     
   3.5102976611009398        1590.2056063765901     
   3.5747854841943094        1588.1277489788210     
   3.7046705183563784        1585.8436331620708     
   3.7297365681305505        1577.2991307746895     
   3.9171833920688113        1576.2995734268159     
   3.9320133157949804        1570.4052501522299     
   4.1286453107339840        1569.0715013110389     
   4.2042016475606578        1566.3837589689206     
   4.2043013393914972        1551.3276337612190     
   4.2757297374152037        1547.7898939278691     
   4.4208356180804183        1546.1188875799401     
   4.4916748461983058        1541.3617730002718     
   4.4523391908449756        1528.8532316483802     
   4.6336313482142542        1525.6182187145960     
   4.5305966261796478        1517.0780859866695     
   4.6571650462744669        1513.4872536634664     
   4.7168172198998493        1512.5107550278281     
   4.9923645976697841        1512.5678876522113     
   4.9147051785615679        1500.7007798531683     
   4.9663782891457995        1505.8641073700521     
   5.1280754115073943        1506.1768968700492     
   5.2466780951691767        1501.9215522007325     
   5.3234891041271943        1498.6016485502548     
   5.4454858668740886        1493.7575361062682     
   5.4449581942181950        1485.7126984691481     
   5.5820971669587847        1484.7066925780814     
   5.8284240501269222        1481.9342977920437     
   5.8646391834730185        1475.5503635890639     
   6.0419532095783453        1473.7963640161804     
   6.1447111784710815        1427.6177123162747     
   6.2945034278532876        1463.0306311738300     
   6.4361131970211947        1426.3227912168836     
   6.5957336608655126        1421.6380821856155     
   6.7697484710355180        1418.2567744032488     
   6.8906491843982804        1413.5247462805844     
   7.1144119559859123        1407.8262523881685     
   7.2492223971765801        1395.0950905266493     
   7.4416352838122188        1414.2147201462383     
   7.3115863579024305        1187.3727820045926     
   7.4209824095590964        1182.7219844179322     
   7.6965769896332423        1179.9474031415066     
   7.8461286087497637        1171.0262405659173     
   8.0808271064465433        1170.8135746894261     
   8.2964382727814279        1165.3520391939551     
   8.4790851785951791        1153.4435704213658     
   8.6823302767831692        1144.4422453018526     
   8.7651325622871248        1131.0699127885864     
   9.0243635395536206        1125.2980376868404     
   9.2900007620899903        1123.3146774015020     
   9.2306128718598277        1117.4650339822260     
   9.4448739010123681        1114.8277497391182     
   9.6440150385135528        1103.4745031982277     
   9.9322064609715621        1100.2337110612700     
   10.200920422490567        1098.6412746029011     
   10.469361465043919        1093.5839026533563     
   10.731720143058261        1090.4102364255855     
   10.997775025948075        1086.0296224836259     
   11.300700997233150        1082.9703885544156     
   11.605733241816798        1075.0539161563640     
   11.885510465716052        1070.6556648244830     
   12.126765956289519        1061.7890668124055     
   12.503923473520064        1058.2244633895664     
   12.723998954544360        1044.3249251982447     
   13.023577620460363        1026.0790258493341     
   13.393185588847727        1026.1959185403150     
   13.690016014200394        1021.6146782498263     
   14.049307310472999        1020.0421947862623     
   14.377285045385991        1015.8558082954481     
   14.740977927671981        1011.8568041735547     
   15.145299351031198        1009.3663896769192     
   15.537488091805425        1002.4875285960588     
   15.924876709607227        1000.2534850220720     
   16.331898815355562        999.40228835000960     
   16.505062094560138        999.51126856786652     
   16.930846982702576        997.61484706075328     
   17.361816640735299        991.94929417695948     
   17.800895524576461        989.80002411956809     
   18.251286217414773        982.21330063316259     
   18.708532716061015        977.48251619327982     
   19.180669207673969        974.07343451727604     
   19.659738982992735        970.41527492522960     
   20.133446383456558        960.92385541976728     
   19.458541199457752        891.58796768416403     
   19.971310929909087        891.80679576634202     
   20.489094534874365        887.73351916649437     
   21.024522447155917        991.22784301321576     
   21.573024027208177        956.04017151749474     
   22.140460368632599        953.55565445637092     
   22.720359001749010        947.87310543106105     
   23.321116475875776        968.81966678532831     
   23.928192944858800        989.02648085341468     
   24.556435377904901        1004.5547521625847     
   25.203211055558405        978.35305371266634     
   25.854006268511316        870.08514268848978     
   26.529500155817910        865.42185426820447     
   27.227796488750521        861.63377285479191     
   27.943059014777386        859.46647321765556     
   28.671442709932897        861.06869054682795     
   29.423425713122811        853.94719584662528     
   30.193249399321946        852.97790657180985     
   30.983931413036927        852.04076604961745     
   31.793865235961626        847.65286202232619     
   32.626857115144567        849.62425141123890     
   33.476156364936955        851.35116138192893     
   34.348482181490716        850.34038103729767     
   35.241426936871108        878.83611216238990     
   36.154009984792395        921.99425783755225     
   37.086794517634388        1029.4976709850946     
   38.040562604035813        989.17597741231793     
   38.742691198761968        941.67296496096071     
   39.559209075514190        857.02599907400088     
   38.501031677689880        855.95027773819834     
   39.535206651400706        854.81778066306060     
   40.589348064561662        853.58207680869236     
   41.675562343989064        857.60562811413706     
   42.785404452799639        856.04517699001451     
   43.928483069367395        854.89033078138846     
   45.101885527274185        856.92838400361290     
   46.305245503981531        855.80349150251880     
   47.537324908027877        854.63433199283043     
   48.797718224268166        853.36688532150401     
   50.084230357222090        853.25350120300993     
   51.399820040509979        852.00467974112621     
   52.737231345402506        850.80860129580560     
   51.964010559253872        850.01580766932693     
   53.324547445083709        846.58370085317392     
   54.721265622505207        843.36956370734947     
   56.153870927076220        838.91986551289619     
   57.620057838496685        837.82849686141526     
   59.117932184740212        832.11226062797562     
   60.653443753415658        833.23691824260447     
   62.124591759689913        836.72896062473092     
   63.355249997008016        834.90846582355653     
   64.998969303655855        834.06889828762075     
   66.651758341703044        836.93849917243620     
   66.098989307598188        917.55053337012021     
   67.834380130287784        917.64265054968905     
   69.632807685554226        916.32164235341418     
   71.471980237470447        1003.5295610601240     
   73.363617244375064        1009.8531592725059     
   75.288629569637777        1002.6401451975097     
   77.251248564431037        865.65884072990013     
   79.290729492041123        866.44199141401066     
   81.383030126572763        868.80835395503823     
   83.522602875094520        869.70158082012415     
   85.628970855543031        986.39186772753942     
   87.306226860876478        839.25681406564934     
   89.571052672486204        839.07400575102224     
   91.882390461652619        872.11448596272294     
   94.247146838119903        884.35025445296799     
   96.667365024614810        882.88000898911798     
   99.105472140966000        880.01662438075914     
   98.814284713493095        837.41722602462596     
   101.43134808856652        814.22365824387191     
   104.12177823806923        811.95149977002529     
   106.89634029211278        810.48618153804136     
   109.74600408627147        809.01189743873329     
   112.67624199844212        854.53658101418557     
   115.69292904822275        852.10061176080342     
   118.79579260663175        860.04326704112191     
   121.98413822082762        858.29956360235485     
   125.25879078012588        977.74084018254905     
   128.60148043324310        938.44008888520511     
   132.05820516711694        888.72192541291338     
   135.61035878629554        854.22426166034666     
   139.24747806986878        730.58985584758477     
   142.99187212381014        730.96036254426588     
   146.83431110215989        758.08559608221753     
   150.77499009990649        730.36996000721501     
   154.82075262518563        741.08943088151443     
   158.96563031041205        751.16303323461227     
   163.20426674407935        763.11738561029472     
   167.53625194131965        884.40805726758970     
   171.95058033003025        956.00048199407786     
   176.42712535172168        953.58674986828726     
   181.03321014532784        919.97705983809544     
   185.69716174949176        867.96864529286370     
   190.48691187668010        818.93495486758025     
   195.39289314963838        860.21712459314620     
   200.33131609705617        860.47131378771769     
   201.28296916997672        913.57505109509043     
   206.66367960935005        901.42941476384863     
   212.20303145913965        837.19930481687652     
   217.95358683329658        817.75926778442170     
   223.80354161418413        806.42576962863779     
   229.73714112438489        849.04239945292750     
   235.96194279224144        892.50439482330103     
   242.41670622933032        863.27232655096543     
   248.69851850505171        871.90959963565660     
   255.48892039029019        905.62226872633846     
   262.40750012256365        886.06392406583814     
   269.74293399083194        892.63060920441910     
   274.97052752884616        916.94387868046647     
   282.80873726713452        860.08793945440198     
   290.80430930159241        838.38648013808131     
   298.82818461937825        845.51700675341374     
   307.42664281489118        778.74781172208247     
   316.11251877460069        794.62025838585816     
   325.24860583792434        820.81785046308505     
   334.60156074285203        855.02571838744632     
   344.24912188799948        828.87487343045575     
   353.85285269355620        825.64981915241628     
   364.07716466379389        858.05062564663444     
   374.36034350558867        870.71500496217834     
   385.01628105316513        819.40053896701920     
   396.28706764358452        784.77978689146153     
   407.72591205456405        773.44312248532015     
   419.00366689407872        1074.5804514001618     
   431.16658215167365        1027.4344268280765     
   443.81640915229042        1056.1938949455289     
