 -0.14206616729151084        3324.4991859054485     
  -9.1325533348829632E-002   3324.5146571586670     
  -2.2247806379566162E-002   3324.5146571586670     
 -0.10352853144112893        3325.6862815496402     
  -3.2285647166624819E-002   3325.6862815496402     
   6.4644237201823274E-002   3325.6862815496402     
  -6.3436588764918533E-002   3325.5199540027670     
  -1.3850802605627105E-002   3325.3844252837944     
  -5.8729728452261522E-002   3325.3481264979036     
   3.2850050062186560E-002   3325.3481264979036     
 -0.15405822853273485        3325.8351125658123     
  -9.8787619887936398E-002   3325.8351125658123     
  -2.5815958209257819E-002   3325.8241157852676     
  -8.3794457628819111E-002   3324.7369049225886     
   1.0327352871455468E-003   3324.7369049225886     
 -0.10638379426726900        3324.0988918183516     
  -2.6826507647942293E-002   3324.0988918183516     
  -3.0970088236029369E-002   3326.2499279565063     
   7.3773176868909995E-002   3326.2326707195007     
  -7.6945355946018507E-002   3325.6548632691715     
  -7.0820365098575302E-003   3325.4120921192803     
  -8.8251038799885776E-003   3325.2563567226134     
  0.10709614754614978        3325.2563567226134     
  -2.9094039481360811E-002   3325.2656835796574     
   8.7369952208232959E-002   3325.2656835796574     
 -0.10827960121140258        3325.2420206044389     
  -2.5920885448966403E-002   3325.2116860910696     
  -9.2307660230375857E-002   3325.5804191379179     
   3.2533262581158686E-004   3325.5804191379179     
  -1.0245905046908817E-002   3324.3023931665975     
  -5.1038157466866366E-002   3325.4577173694638     
   5.9723603523284013E-002   3325.4577173694638     
  -8.1902614271496768E-002   3325.3532216726630     
   1.8662386032858531E-002   3325.3532216726630     
  -3.9734487617273016E-002   3325.0308132343648     
   7.8405876135732619E-002   3325.0231821545890     
   3.8954656217285735E-002   3324.9598509750153     
  -8.0132182874830496E-002   3324.5001379532027     
   1.8249994319357941E-002   3324.4913372482642     
  -1.9473024545478290E-002   3324.2409356278081     
  0.10170096879745619        3324.2409356278081     
  -3.8736228173986198E-002   3324.3257254218338     
   6.7827561917835587E-003   3324.3933313627740     
  -4.8707729686026116E-002   3324.4403307220441     
   9.9800326865179499E-003   3324.4069432106276     
   2.9611777386103537E-002   3324.4012576813607     
  0.17547488248329318        3324.4012576813607     
  -5.0684036395740713E-002   3324.3088546693275     
  -1.1586525718209589E-002   3324.2787595599116     
  0.12246837601088902        3324.2787595599116     
   9.7140699882309316E-003   3324.1977134536401     
  0.15351484341514893        3324.1971454526524     
   3.9241172325851913E-002   3324.1842631719151     
  0.10884571802033816        3324.1936361322150     
  -4.2137807507843676E-002   3323.1745188652635     
  -1.8607519138045977E-002   3322.9935619901121     
  0.11695523775217831        3322.9947203285883     
  -4.3938945280576715E-002   3323.6736609343302     
   7.9761352477584410E-002   3323.6823124246193     
  -2.7156936232500071E-003   3323.6073862548778     
  0.13956316350772494        3323.6063083712793     
   4.3490780971139384E-002   3323.5343710059906     
  0.10169764455809535        3323.5449001142974     
   8.5103868626915560E-002   3323.5443773859156     
  -1.6538420047490753E-002   3321.5691343879644     
   1.2204670075506071E-002   3321.7201871955917     
  0.15419571334748422        3321.7146855205056     
   3.4896118041769508E-002   3321.8712555408970     
   9.6963192022355663E-002   3321.9045111251280     
   4.0965719365105319E-002   3322.0319836992080     
  0.12148168224140039        3322.0595586641466     
  0.13684886856791892        3322.0666025884843     
   1.3303350934758500E-002   3320.3829714133490     
   5.6029942657741610E-002   3320.5438036545361     
   8.9518471169729455E-002   3320.5987525521318     
   8.6267606679763728E-002   3320.7033573495487     
  0.26273042754433423        3320.7113227742307     
  0.11725585361624134        3320.8268699155392     
  0.30662035398503190        3320.8268699155392     
   5.5805434288063144E-002   3318.6747031225882     
   8.1533718825992293E-002   3318.7273315959824     
  0.10414030333838249        3318.9256715429656     
  0.29106594815702252        3318.9280355025494     
  0.12539167510843308        3319.2462774603200     
  0.20291703699721625        3319.2182542431938     
  0.22129704293623723        3319.2756525414384     
  0.23067510681714690        3319.2731112053766     
  0.12281581235862243        3317.8233897498931     
  0.18407709164645714        3317.8845932848321     
  0.22044753073652862        3317.9210674556989     
  0.19636571947849185        3318.0437739898762     
  0.28474098165399198        3317.9751327122981     
  0.28173823006399634        3318.0890490192965     
  0.18360743010193850        3318.7536617158657     
  0.21272468662331692        3318.7229040842799     
  0.20024539314595349        3318.6445123505682     
  0.31635494609182080        3318.6115512238621     
  0.23437506966314620        3318.2917097332202     
  0.31429460997204217        3318.2274394184610     
  0.31869843103201895        3318.1040226326782     
  0.43390136564646120        3318.0383738960859     
  0.32728740415501667        3317.7957960999120     
  0.41025518033180508        3317.7818894015231     
  0.28108219383689559        3314.2903620467823     
  0.33368092359873303        3314.6762585841839     
  0.34927279475958672        3314.9875440000596     
  0.45987784267501763        3315.0406139874476     
  0.39701268551062230        3315.3488686002188     
  0.50276732689895620        3315.3581182373318     
  0.37986244087964738        3312.5084599922252     
  0.41687900469775496        3312.9303462601961     
  0.45766383767383556        3313.1182433231893     
  0.48293070286746892        3313.2913979907771     
  0.62314879387889910        3313.3112389077223     
  0.51623842794492858        3313.3349054623768     
  0.62756833320974048        3313.2897133920414     
  0.50892297863862090        3311.3796655154893     
  0.56772987972441169        3311.0490631122157     
  0.61765896290686784        3311.0548973317950     
  0.63215326990134224        3311.0189635485358     
  0.75078046011144195        3310.9889089932294     
  0.61359291832270046        3309.2974091538745     
  0.72501660071975349        3309.0600588204879     
  0.74839191106666736        3308.8395616155694     
  0.75315268181753159        3308.7233965099708     
  0.71559958909237731        3306.8277322674285     
  0.82849893532196639        3306.7201121538587     
  0.86377163396688861        3306.5729396082115     
  0.86367259749772374        3306.4868312220742     
  0.91403982218757773        3306.3160784947045     
  0.84833648401999540        3303.8864204528404     
  0.94275659925494515        3303.5838746569839     
  0.98322472760658497        3303.5131625554150     
  0.92753918755899079        3301.0998660947580     
   1.0103256360642523        3300.9228991917880     
   1.0630332961389468        3301.1635236903990     
   1.0748387748413271        3301.1608460968309     
   1.2612434718141239        3301.0822714007036     
   1.0974983221251986        3297.2158718734222     
   1.1591294907801888        3297.7391729519140     
   1.1139288860655234        3297.3362489579235     
   1.1823589134809751        3297.0025497713705     
   1.1974021565590884        3297.1584612839360     
   1.2052210590360619        3297.4497325370057     
   1.2644143247887878        3297.4205660397724     
   1.2395696121386224        3295.4632915527204     
   1.3364807839437034        3295.4474290663802     
   1.3958427854408713        3295.7308827327411     
   1.3389864275356125        3292.2215403519881     
   1.4101231312856719        3292.2175825668551     
   1.5267924225785907        3292.4474018228357     
   1.5143365492154925        3292.0859757251592     
   1.6515469831593363        3291.7350961968550     
   1.5870480181905589        3283.3358475201162     
   1.7139058604368673        3283.2628125065953     
   1.6605370867286127        3282.7527737612363     
   1.8253435345024052        3282.3618626776688     
   1.7409255097011003        3278.2165665528796     
   1.8624020255662386        3278.2310384035809     
   1.8990667930817302        3278.2429441186305     
   1.8994969765571383        3276.1776824329500     
   2.0963624850421483        3276.0970050249243     
   2.0887156019981332        3275.2982597953687     
   2.0513595264745645        3272.4812778381006     
   2.2729571817451300        3272.4139855810067     
   2.2656143487643599        3271.1041789724077     
   2.2263597410506746        3267.6632605251557     
   2.4477726486252629        3267.5778539198077     
   2.3761572664202828        3263.6882670180280     
   2.5186882871546588        3263.8253304678583     
   2.5471104143296759        3255.8019693433953     
   2.5223529019836781        3253.6196831368766     
   2.6877999518289646        3253.0379682822140     
   2.7096902585249203        3252.3317599408820     
   2.7077692197182288        3249.1600089072704     
   2.9183642548579680        3248.4296460761275     
   2.8589671354660195        3232.1918923625321     
   2.9368393799454013        3232.4768498742919     
   3.0959771044839104        3232.1558972591251     
   3.0853280030053716        3228.2369717019396     
   3.2534606331635296        3228.5519599806271     
   3.3294085506856126        3227.5065481974184     
   3.2444428837307262        3195.5307829063045     
   3.3133161849112849        3194.2610545055363     
   3.3855088821029713        3176.1966612461370     
   3.4195217134860361        3099.6207100051329     
   3.5434880346769151        3098.4763604503469     
   3.5619904839494523        3087.0696304056964     
   3.5670909859794242        2907.8945614247527     
   3.6853641621714108        2854.3955873636937     
   3.6975360864310907        2845.3978468725886     
   3.8895311980338048        2844.1812464079635   
