 -0.12928920288891030        1493.9604061755483     
  -7.9950289600133922E-002   1493.9604061755483     
 -0.10706056859128686        1493.2005298316478     
  -4.8311221566911124E-002   1493.2005298316478     
  -9.9076725497554932E-002   1492.8045009526918     
  -3.6359054124049335E-002   1492.8045009526918     
 -0.14224452667602708        1493.5204844188420     
  -9.4629852763501499E-002   1493.5204844188420     
 -0.10400714947139048        1492.2702896526819     
  -3.9832054668239518E-002   1492.3016655011756     
 -0.13608780792383943        1492.8835645651627     
  -7.8625995223236086E-002   1492.8835645651627     
  -8.0698799671394678E-002   1493.0384097444585     
  -1.3181024245453312E-003   1493.0359713083308     
 -0.10405864588391248        1492.8933911696820     
  -2.8185115851681198E-002   1492.8933911696820     
  -3.5767644128400826E-002   1493.0097725257979     
   6.2725654088589405E-002   1493.0097725257979     
 -0.11333703247597192        1492.6687114395982     
  -3.7905545392271416E-002   1492.6687114395982     
 -0.11972183217049009        1492.9471515331459     
  -4.6092589258202615E-002   1492.9448778492238     
  -4.6743852352867703E-002   1492.6392497786399     
  -8.7948138457951769E-002   1492.5595527827986     
   1.9191727510239757E-003   1492.5595527827986     
 -0.11731623860086098        1492.3929797911280     
  -4.4133833561066572E-002   1492.5681551738771     
  -7.2742064204081372E-002   1492.5840013999618     
   2.4345519594272672E-002   1492.5840013999618     
  -3.0547412754459113E-002   1493.0189393822241     
  -1.6819941514240180E-002   1492.3134715717081     
   9.2842503411881924E-002   1492.6011312873900     
 -0.10049911131681709        1492.6507911049882     
  -1.5177899600667523E-002   1492.6516275114036     
  -3.9675966531015384E-002   1492.3695488248466     
  -5.3666050034309409E-002   1492.5119739691268     
   5.3103882983073128E-002   1492.5119739691268     
  -5.5666821458880140E-002   1492.6247454597847     
  -5.8745283675083479E-003   1492.5282891721645     
  -6.8030722786107542E-002   1492.5176454106720     
   3.6147518784328932E-002   1492.5307592257450     
   2.7362839573676342E-002   1492.6685615109275     
  0.16904021654977938        1492.6685615109275     
  -6.4602554381063035E-002   1492.5178926085039     
  -4.2662587430074873E-002   1492.5414099274917     
   7.5354035431521457E-002   1492.5358919242201     
  -9.1686501175575388E-003   1492.5456510339384     
   5.0893909058872158E-002   1492.4385290578605     
  -1.5972523190573999E-004   1492.3686404759796     
   9.8318481396735505E-002   1492.5274949089846     
  -5.6511689008674773E-002   1491.6012491545721     
  -2.4624923795325538E-002   1492.4245961765773     
   9.9824597627111017E-002   1492.4068585643199     
  -2.5150185270088114E-002   1492.6692369285965     
   2.7928189740734830E-002   1491.5662927824637     
   3.8420415989461609E-002   1492.2740862399903     
  -2.6383308313037611E-002   1492.5663881803885     
  -7.4307912167640581E-003   1491.9547024280275     
   1.5292729922416442E-002   1492.5303542251413     
  -9.6403953552912595E-003   1491.8522866031105     
  0.12809223708991196        1491.8522866031105     
   6.4877331549034242E-003   1491.7056802759516     
   8.2658234631447558E-002   1492.7376711581876     
   9.2324154541328807E-002   1492.1778141529439     
   1.8364620353803231E-002   1491.9861279987533     
   6.1126454394705584E-002   1491.9989807231755     
   4.6411120771723102E-002   1491.9525227970175     
  0.11756043476629488        1491.9634968823593     
   6.6811164073863588E-002   1491.9151665086711     
  0.13825830435437012        1491.9889182166721     
   4.4280291434804234E-002   1491.2286424959066     
   6.0731707468396449E-002   1491.3817687003259     
   7.3449197881874012E-002   1491.7002208510039     
  0.24209124195325282        1491.7002208510039     
   8.2567139844145890E-002   1492.5422342238933     
  0.13213907270574468        1490.9319824778593     
  0.14329349077245973        1490.8764180380858     
   7.6443855299583946E-002   1491.7745945312629     
   7.6979585966904712E-002   1491.8093043690753     
  0.24754478305303129        1491.8093043690753     
  0.12904744532229348        1491.4578736049421     
  0.20020318505203727        1491.1954899949521     
  0.24407386409098442        1491.5239657743102     
  0.15067427999972330        1491.2116742447961     
  0.24737291541766007        1491.3749334819718     
  0.25034832850397443        1491.4347031319955     
  0.16473610462817984        1490.9511825171819     
  0.20938939611867927        1491.0459897912031     
  0.24015645810760902        1490.9734102388475     
  0.17409225692454411        1490.1273088609371     
  0.18767208651764494        1491.0032213167487     
  0.27304050775912064        1490.2237115840110     
  0.25474846727181510        1490.4357023513990     
  0.34545236731898943        1490.7554071442967     
  0.27882642816453151        1490.3683499936051     
  0.36103897912100991        1490.9039011504817     
  0.25574531514629512        1489.9073834768521     
  0.32898501187196721        1490.2584318817617     
  0.33456512738753713        1490.2917887196511     
  0.43450426422360494        1489.8808362205768     
  0.35663679654809266        1489.5998710245694     
  0.44086437948934332        1490.4944004773952     
  0.35771614756467091        1489.3223403518139     
  0.42916349723656300        1489.0744854272905     
  0.43346642900813387        1488.9764413620335     
  0.43583056293104588        1489.4481772543777     
  0.41086822174417920        1488.9670273979420     
  0.44860065398964033        1488.8618246107699     
  0.49961537766188724        1488.8285694326883     
  0.52375948271879147        1488.9329699682842     
  0.48009288007414613        1488.3457171257114     
  0.53595054408846077        1488.4082120545588     
  0.58025676913389612        1488.4371312242718     
  0.59114726824357011        1488.5862052393147     
  0.70489454388989736        1488.5437652102896     
  0.58975648650293311        1487.6600417917523     
  0.64744801288885057        1487.7573493998054     
  0.69103188703762986        1487.7959930052798     
  0.71185937596540749        1487.8095349561547     
  0.68910475654560244        1487.5243806437966     
  0.80272174336510438        1487.5311011579809     
  0.73533462619435519        1486.8285745064597     
  0.82117225774668090        1486.7713679274855     
  0.87329367599481733        1486.7648247872139     
  0.87279156743328301        1486.6897737355719     
  0.96506612768415534        1486.6284165174422     
  0.85232696241622796        1486.5872005303561     
  0.85595483498551250        1486.1678834875902     
  0.90563176459545280        1486.3992887761872     
  0.96693631347433762        1486.4424496603228     
  0.97909151229820168        1486.3513904040169     
   1.0914019648318207        1486.3032528512626     
   1.0189504789282415        1485.6709831068238     
   1.1254547362318854        1485.5656462056920     
   1.0672186645559385        1484.7614866928200     
   1.1768808592503601        1484.7487613697849     
   1.2335644924620683        1484.7696291427981     
   1.2337725252513410        1484.6460835148562     
   1.3512767461884714        1484.5776063178350     
   1.2613529859153334        1483.6535717553152     
   1.3107372307666154        1483.6163463426578     
   1.4471724109455493        1483.6138982944615     
   1.4079815678179752        1483.2550112230565     
   1.5244260890568178        1483.1192738710888     
   1.4829381549072531        1482.2633150002930     
   1.5938267400537141        1482.2970158206572     
   1.6258519186325968        1482.2837286398631     
   1.6210512017645620        1481.5876280580067     
   1.7695495624845441        1481.4680798687791     
   1.7337912410383021        1480.8687231380229     
   1.8683225495960836        1480.7928236936750     
   1.9308205048405511        1480.7651154012467     
   1.8934911413356479        1479.1963945743594     
   2.0414841232576713        1479.4293597892142     
   2.0793509493629618        1479.5753718397430     
   2.0652175104121628        1478.7076452674164     
   2.2117392500776503        1478.5548488848701     
   2.2122076680580731        1478.1631347887030     
   2.2409316340253884        1477.6969307473678     
   2.4001609939268147        1477.5788141860608     
   2.3668271979791302        1476.3052267131015     
   2.5053030116580479        1476.6032752818612     
   2.5114482435785273        1475.8678982325257     
   2.6624999597210977        1475.8491671128600     
   2.6575503421697784        1474.9362953932537     
   2.7931934531107219        1474.9865382253986     
   2.9495277623464018        1474.8512593091800     
   2.8739156958753069        1474.6913209681766     
   2.9771614346679560        1474.6893187258806     
   3.0167182856440031        1473.5719911621020     
   3.0328667702456897        1472.8103837020167     
   3.2473469258952909        1472.9078963359079     
   3.1985362816513305        1473.2986263564228     
   3.2775519282480032        1473.0550159213035     
   3.4043054098053602        1472.6916285947948     
   3.4451094206809367        1471.8029041843945     
   3.5244211375472561        1471.2993076299388     
   3.6204482645507277        1470.6546846428569     
   3.7018690835714634        1469.7407514708593     
   3.7755059531808364        1469.6090456750712     
   3.9080506459268629        1469.5428913327710     
   3.9734040908299972        1468.3528383088210     
   4.0561254639597539        1467.7228670150168     
   4.2631087032669086        1467.5595507919677     
   4.2983975989966661        1465.9008554144918     
   4.3978169896212460        1465.1903206110887     
   4.5330505755708170        1465.3559630601289     
   4.6770690311843923        1463.9071338307970     
   4.7578161166120312        1462.6200545412271     
   4.9500527304574824        1462.5049574745697     
   5.0429701625886771        1461.7434069425458     
   5.1721431876058048        1461.0945624499566     
   5.3697785883564393        1460.7557764083549     
   5.4652570595344478        1459.2291721919194     
   5.6896558949043170        1459.1872521472699     
   5.7602811811821990        1457.2549471827538     
   5.9449028561351254        1456.9174468412316     
   6.0623083348627214        1455.8525663832452     
   6.2122829023572255        1455.0955241426766     
   6.3616730578742979        1453.5405508680956     
   6.5111441506133652        1453.2798691438957     
   6.7159605028925151        1452.5685153715306     
   6.8844816219912488        1451.3604050948329     
   7.0939457493185678        1450.5890110228775     
   7.2509073232819716        1448.9924582730559     
   7.4690695636328970        1447.8645808915010     
   7.6209354371187317        1446.2935636788525     
   7.8460658368530769        1445.4952399423007     
   7.6931680948117585        1407.0860788022599     
   7.8514631274845854        1392.5141118357647     
   7.9856971077124737        1388.5908803052150     
   8.2153550999000391        1387.4800587421382     
   8.3877747773261984        1385.9047695687325     
   8.6907497382633405        1383.7490457614726     
   8.9223010651567130        1381.0741587232521     
   9.0881230574193044        1368.3170837437938     
   9.3156863880102048        1364.5391718083340     
   9.5860441441670510        1358.4729688117579     
   9.7796907693095392        1332.7601682762031     
