   5.2840648250021518        1059.9656687441347     
   5.4351455330954987        1063.8873944145912     
   5.5617972823939326        1066.3219959939092     
   5.7073685147849513        1065.5129799727927     
   5.8912956507425189        1062.9818808935115     
   6.0164734647268752        1056.8984541800048     
   6.1507606287114038        1045.7902647239355     
   6.2973649557372671        1034.0780161291084     
   6.4967324712921304        1026.5320592642399     
   6.6914802608515647        1019.6712630362093     
   6.8140766376307669        1012.5591095726863     
   6.9799087994648366        1005.2138726326368     
   7.1854298976133686        999.46932431342805     
   7.3760793699967095        995.51140737009246     
   7.6105531174754208        990.87434742659036     
   7.7254711543129000        987.09765994967222     
   7.9582085766652257        982.76425345316716     
   8.2126409176314628        979.79422639440440     
   8.4219440911623220        976.52652455596831     
   8.6309420941721431        972.05696442852889     
   8.8621267651243123        968.47716106146243     
   9.0829717113759010        964.72379607786752     
   9.3201981866338617        962.00860596327334     
   9.5650613769235839        959.18250308553695     
   9.7928002635403004        957.18794264793394     
   10.072578165107817        951.81834857330659     
   10.392020444020211        949.97415331392665     
   10.584619157018727        947.12766330782972     
   10.871563688782105        945.51361464504612     
   11.212549193640161        941.55596084832143     
   11.504146664898323        938.80755132345530     
   11.745171617592469        936.19852408668100     
   12.063762863168114        930.69615026057340     
   12.374578993872078        925.38800880281360     
   12.626190126873709        916.44637316526200     
   12.942272599860299        901.22109313924523     
   13.251286676942756        898.86396359514856     
   13.576155480618848        885.52618558408346     
   13.911286157365417        881.37837519306993     
   14.086120193599987        815.87520736171359     
   14.495373604269325        813.91925137210649     
   14.823278923297824        806.48171634715868     
   15.197282129400827        800.80281510763575     
   15.568032887251047        796.47380469490031     
   15.966542716814073        792.81056499607598     
   16.321936218822476        789.20135610604768     
   16.685769026110144        785.78003073845275     
   17.046708096281005        783.42934212120497     
   17.447252334402609        781.16054169171355     
   17.849941349150068        777.25469758671545     
   18.311058179780844        774.50267587744383     
   18.786555222778915        771.66933694716761     
   19.160792372025892        764.70234960758955     
   19.612056861839505        759.83458452416039     
   20.075994397533595        758.62644872452017     
   20.580783086827310        756.83565425280779     
   21.010894514666489        755.47417762536509     
   21.429739998230971        750.35148351413068     
   21.985424298147940        746.72169806309330     
   22.553220022820732        739.99861291759760     
   23.128681785896742        733.99761468328916     
   23.594525493257617        708.29613500458277     
   24.191444780513720        705.14136242639324     
   24.812183149691549        698.84747349199006     
   25.442387275288034        688.60525693722661     
   26.093175244526638        684.96740656295856     
   26.758780110063878        681.13627868031688     
   26.365538826442332        654.76229880924257     
   27.034269376080744        661.68212532098244     
   27.452677292363049        666.93975405601645     
   28.166583727058750        636.73830851673961     
   28.843850545112634        614.09613807531264     
   29.574388883594857        612.64947107324122     
   30.354002455814310        619.78920353101398     
   31.108292399226670        617.32590042354411     
   31.866197288053382        589.03869841196286     
   32.554761399349594        627.79763590769198     
   33.337620291803638        626.41068178935859     
   34.228107629512792        623.76932543146143     
   35.119499103946104        596.78995736435388     
   35.740154452982324        591.60122087399327     
   35.143679980938259        590.71164157815269     
   35.961292107371790        592.21876347521140     
   36.928569909815096        592.34330608054950     
   37.917864213436502        593.71658058291280     
   38.931484123268405        592.34759042461815     
   39.968787983804788        590.73863135974102     
   41.020242535978156        586.29326984989075     
   42.126181624811004        585.33132857998066     
   43.254501633330605        582.25565043952736     
   44.412674678561757        581.30477006505737     
   45.604996801354446        579.86417496860986     
   46.833168330326188        578.09210283380537     
   48.097600100428409        575.52300292026928     
