   1.0521668864848925        1523.4189570844478     
   1.1907860752992785        1524.0963928055696     
   1.2615636610113636        1525.5558523393404     
   1.2992273979790525        1528.3129276778975     
   1.3787564526053500        1530.4825724189207     
   1.3835512714080527        1535.9101254093907     
   1.5234273289322897        1536.6264560007221     
   1.4429196091688801        1541.4885404851063     
   1.5745122510070695        1541.1916496216174     
   1.5460914899407685        1537.5702852284196     
   1.6859501398143828        1536.9188447167746     
   1.7307800888684897        1534.5143374390154     
   1.6509268109658690        1517.0075191577155     
   1.7608170111673698        1513.3059432456635     
   1.7322827261203733        1490.1847457715814     
   1.8611971465390154        1488.4317543166644     
   1.8841862774144007        1484.4902226995844     
   1.8888817141044281        1477.0961069520401     
   2.0637974948870963        1476.0249815514180     
   2.0000287761374484        1464.5354988256254     
   2.1354655788619534        1463.0789039888875     
   2.1375887634894690        1457.5936270131151     
   2.2965153756447521        1456.9360264175421     
   2.2284725141091855        1445.7105924515467     
   2.3666338394377728        1444.5117338778446     
   2.3753593301488221        1441.3478167028843     
   2.5313714191815149        1440.6752670402664     
   2.4845863054192456        1434.5033505536592     
   2.6527345967643128        1433.5788250012820     
   2.6098250102871563        1426.4573950386796     
   2.7723291745152143        1425.4216651550648     
   2.7868266732792750        1422.5923623083202     
   2.9464142001765197        1421.7191105258269     
   2.9399540674107643        1417.6852296198279     
   3.1124949469513710        1416.6211928967389     
   3.0760106555323068        1413.6085416727515     
   3.2299868137614789        1409.9209065076686     
   3.2653207549184775        1405.3977793440890     
   3.4280821177507756        1404.3583360557270     
   3.4445846914218357        1400.3642682098891     
   3.6130542610075267        1398.8141708491619     
   3.6519084526888164        1389.6239624387820     
   3.7399156660954378        1390.1695843559989     
   3.7997375947299097        1388.9089354800244     
   3.9703588952951101        1387.6697866369293     
   4.0180091885809421        1385.3980318716845     
   4.0854775775183292        1380.9763144770193     
   4.3086026952675613        1380.0862534303203     
   4.3195369596425000        1374.8869878127082     
   4.4692028971745348        1372.7574106659376     
   4.5491501764775721        1369.1229111610878     
   4.6856357252319931        1366.8326375471167     
   4.7869345411417950        1362.7698959343206     
   4.9252537896860717        1360.0854928069127     
   5.0198217579274873        1352.2908576766163     
   5.2293993830769319        1351.9710143731772     
   5.2971480384101941        1349.0582748107736     
   5.5369873845400814        1347.8111251081657     
   5.5247682495648309        1328.8962112329025     
   5.6401125343903766        1328.5997876421507     
   5.7549347096525025        1323.1733429587093     
   5.9750978171373506        1322.0558423412676     
   6.0266457773663156        1317.9461696779163     
   6.1120665963098864        1306.4930617145581     
   6.2557747078669212        1304.3009995660445     
   6.3937157799702948        1300.2213956229475     
   6.6952761978834223        1299.0058590195124     
   6.7594465125235450        1293.7103653340396     
   6.8883616077282053        1287.3376401593414     
   7.1321063512290328        1281.1359344308351     
   7.2596065847585916        1275.6250248748497     
   7.4745464684469729        1268.4659602533668     
   7.4654820431073041        1150.2129971810964     
   7.6667842308077052        1150.1169717871510     
   7.8416414841905260        1146.2129296583037     
   8.0566485497061198        1140.6759460419341     
   8.2121946999765214        1136.8760789779908     
   8.5039287205514444        1134.2180187250349     
   8.6411478928554235        1128.7401290267401     
   8.8844115687589937        1125.1629906572095     
   9.2524588606857101        1123.3276231450404     
   9.3091799732725935        1120.0051187828235     
   9.6305675151148176        1114.5529597579132     
   9.9371927858598017        1112.6580328259054     
   9.9663041342931926        1104.8709280033252     
   10.228865951379129        1103.0813515941386     
   10.435928235941962        1101.6155073732361     
   10.657335344647640        1096.6529588121753     
