 -0.12497431610195958        4594.9531798299149     
  -7.4068180493941996E-002   4594.9531798299149     
 -0.13051702817949243        4595.2300673295222     
  -7.9748531738464482E-002   4595.2300673295222     
 -0.10389380674341145        4594.0180309543821     
  -4.1225346413817754E-002   4594.0256143289516     
   4.6244743894545470E-002   4594.0256143289516     
  -9.9171908801086589E-002   4594.5186761037949     
  -2.9232598712171331E-002   4594.5186761037949     
 -0.12119103740720111        4594.5335644053866     
  -5.7218568855730963E-002   4594.5335644053866     
  -2.9758005823356661E-002   4594.5691868806070     
 -0.12350241684311819        4594.6144026421516     
  -6.0290408708123903E-002   4594.6149885876230     
  -5.5414146648736499E-002   4594.6341788482541     
   3.6715407903703375E-002   4594.6344541563030     
  -1.8268284911957878E-003   4594.6457613071861     
 -0.12310585618468234        4595.1587495714120     
  -5.5526207902690687E-002   4595.1587495714120     
  -7.2911406118333008E-002   4593.8525910918015     
   1.5861671460801651E-002   4593.8525910918015     
  -6.7133826757230008E-002   4594.4901423450074     
   2.7403306942486161E-002   4594.4901423450074     
  -6.2477989878509096E-002   4594.2801290281805     
   3.4410037895437222E-002   4594.2801290281805     
   3.8415054062067543E-002   4594.2083329955813     
  -9.8675739306280708E-002   4593.5605796347145     
  -1.3639933670774908E-002   4593.5605796347145     
  -3.9559997003142146E-002   4593.7007300482001     
   6.9226950512608840E-002   4593.6992761381243     
  -4.7982601043972291E-002   4593.6923295048437     
   6.0008660001484478E-002   4593.6912946188640     
   3.3011742443806724E-002   4593.6924849268980     
  0.17369012412682727        4593.6924849268980     
  -5.7720634912599884E-002   4592.6109364154536     
  -5.3623430212840544E-002   4593.3201536910246     
   5.6020760401889129E-002   4593.3155303320827     
  -5.8476881144124884E-003   4592.9952177678751     
  0.12402940846350285        4592.9980456460553     
  -7.9117887717542381E-003   4592.9639032420691     
   5.2354285538465294E-002   4592.9915803334097     
  -7.2621575948989783E-002   4592.3770571170407     
   2.8614991860432971E-002   4592.3775458879982     
   9.0500365399654777E-003   4592.3843471575938     
  0.14477341317314771        4592.3843471575938     
   9.7582120680369186E-003   4592.2952258925698     
  0.14838241229330429        4592.2975075487366     
  0.12408417186068534        4592.3098745519665     
  -5.9114670529880536E-002   4590.4605877757549     
  -2.6943209791759470E-002   4590.4972610494970     
   9.6874528723206413E-002   4590.4990667562388     
   2.6543836544537844E-004   4590.7305378414367     
  0.13735430618098596        4590.7305378414367     
   1.0625461618151619E-004   4591.0127675920830     
   4.4936223560012083E-002   4591.0354639403267     
   8.1185158057553636E-002   4591.0350198577607     
   5.6851371757991424E-002   4591.0735277100694     
   1.1010868746642944E-002   4590.9740405327384     
   3.1764896198060708E-002   4590.9548011744355     
  0.18243341231819804        4590.9558119062422     
   9.9010567196273311E-002   4590.9350604692590     
  -2.0172841228067381E-002   4589.9976178291754     
  0.10889149369144029        4589.9976178291754     
   2.7106198726890914E-002   4589.7975161557379     
  0.17723955688421170        4589.7985260845498     
   7.4604742848911332E-002   4589.7721300229550     
  0.15485860083213016        4589.7912667870896     
   1.3729071781480693E-002   4587.2189524432688     
   5.8654611567752042E-002   4588.0476882788807     
   9.1268565567479989E-002   4587.8891597411512     
   6.6936636894814563E-002   4588.2240898642885     
  0.23923591581160514        4588.2240898642885     
   8.1967651038797620E-002   4588.5503609744128     
  0.13764860542609136        4588.5572269338454     
  0.18740184318983619        4588.5513981623781     
  0.15833347516474935        4588.5583365713183     
  0.36693159821735266        4588.5583365713183     
  0.10258993219760094        4588.3553074253905     
  0.13638737040974414        4588.2083742485302     
  0.19723560180138955        4588.0989844099859     
  0.41510641213443028        4588.0989844099859     
   7.9608282001981293E-002   4585.4800696039783     
  0.13422461053811760        4585.3575165438342     
  0.17270182686824492        4585.4301960586790     
  0.14465370663104291        4585.5911877836870     
  0.25069034010952840        4585.6382948693463     
  0.14932788275334333        4585.0073655178394     
  0.14600666991993169        4584.7590391322628     
  0.24234404059121792        4584.8350498200380     
  0.20100864463290061        4585.0600392312035     
  0.29678079365794718        4585.0742018785495     
  0.15654333635759995        4584.0126776432226     
  0.22279872371859635        4583.8175765833676     
  0.24998759010430077        4583.6274847874438     
  0.28457156154457602        4583.5574293687341     
  0.27805564935482041        4583.4146668873409     
  0.38721757010287505        4583.4347648708926     
  0.25525380111262974        4580.8802617218425     
  0.26839840511183910        4580.5902508985309     
  0.29765052840911210        4580.5833024902386     
  0.29481600095137467        4580.7132583588309     
  0.40217270423678009        4580.6939059981569     
  0.29008105802099404        4578.7225763066772     
  0.32979901365879899        4578.0906497889191     
  0.33823053098438399        4578.2468009039212     
  0.45847389203434147        4578.2197113959164     
  0.34231738283304597        4577.8092583825519     
  0.42783941406105119        4577.7282587103755     
  0.48099294447202678        4577.6204397950014     
  0.35347139771380193        4571.2608109789999     
  0.43367342534234193        4571.9834560709342     
  0.45715115790763550        4572.4374305912415     
  0.45674485611818000        4573.1329004297950     
  0.58486244812527943        4573.1715296813290     
  0.45527363174016094        4572.2475701659114     
  0.51813510954391007        4571.8556249330868     
  0.55079385537536163        4571.3281137775184     
  0.52174814108896805        4570.5031125243113     
  0.64923878756203379        4570.3533726135838     
  0.53709342892612877        4563.0132576355500     
  0.61965186029008446        4563.2589197236266     
  0.62905887626438661        4563.9864112440109     
  0.76390223317298800        4564.0679190204528     
  0.59214053391593602        4558.8582045292505     
  0.66110614743040108        4559.8607853043986     
  0.77945038308390358        4560.0150543476029     
  0.77199504006169939        4560.4318969465648     
  0.75082160488841032        4560.4370016125877     
  0.82445329923716237        4560.0844008558588     
  0.71338992823423564        4553.3238251773628     
  0.78409930768452196        4553.9508367127364     
  0.89559845311663389        4554.2012113287465     
  0.77228826413266172        4551.5129448415655     
  0.84273551130269919        4553.0507389087616     
  0.90470119289187934        4553.3960793851029     
  0.96161228894438444        4553.7133308551629     
  0.91879861216550862        4552.1136939539529     
  0.98574166212784542        4552.0620087919442     
   1.0078328583293639        4552.2532288880948     
  0.99446643490111630        4551.5818371277301     
   1.1501375190961423        4551.3957222571844     
   1.0609567553276460        4548.8160044626738     
   1.2195847376753999        4548.5722836700925     
   1.2271108789037966        4547.6274559728972     
   1.1764098974919215        4545.6034049593136     
   1.2988752420222642        4545.1502947530180     
   1.2195342441707941        4541.7468292043404     
   1.3463511923577915        4541.0203476123997     
   1.3918722920659898        4540.5810057194631     
   1.4016169644077325        4540.1413138985909     
   1.4556776666970734        4538.9992800359578     
   1.4299033112750263        4534.7359845495230     
   1.5585343913585894        4534.1211770411110     
   1.5016384605904611        4531.3471062810713     
   1.6466237522167013        4530.4469639402896     
   1.6553454568462915        4529.4320504937868     
   1.7474459187434732        4528.6364350749081     
   1.6871796283602485        4522.4884680155792     
   1.8198257486339828        4521.8944454737948     
   1.8854334370427674        4521.8873370408483     
   1.8624432081104949        4519.6164988543514     
   2.0209226076657711        4518.8931053494516     
   1.8884284450813125        4509.8591651261968     
   2.0628216051587356        4509.9167695880442     
   2.0919269905043159        4510.6168596773341     
   2.0531679313052877        4505.5290164815633     
   2.2187849336480578        4504.5104450868921     
   2.1403932412945323        4499.8799627742537     
   2.2139525018631026        4501.2875501087183     
   2.3086202259253912        4500.1157468456240     
   2.3041635609817548        4493.3750992394771     
   2.4375414097085497        4493.2807205116715     
   2.4228579896858560        4489.4040025200402     
   2.5834326158798642        4488.7563279555279     
   2.6405004232394194        4488.7129179185331     
   2.6374528446399679        4483.6587870656949     
   2.8197889213821332        4482.7408867104741     
   2.7607989902725181        4475.5647764408814     
   2.9350279464467008        4475.2391234339211     
   2.8857907078094085        4464.7657115627899     
   3.0517368806223995        4467.0115409596483     
   3.0901396112237665        4465.9946486101971     
   3.2707501504991305        4464.4361431460620     
   3.2068559164658983        4451.1348214707623     
   3.3425672932935329        4454.1628086266746     
   3.4422670328910581        4445.9848288783624     
   3.5798537163140698        4446.2280625432586     
   3.5108790523933893        4411.2576378468439
