   2.1010509884770388        1153.3148017279473     
   2.0688925471960884        1152.4614877047338     
   2.2058381385249195        1152.6260856070128     
   2.1884530166924709        1151.8131155424192     
   2.3243584964558921        1152.0412930696582     
   2.3643635349503085        1151.3232348099966     
   2.4598258137619720        1151.6503937237217     
   2.4749557648710661        1150.9424614480927     
   2.6243195967959561        1150.8711981785866     
   2.6069538222755155        1150.0676145840298     
   2.6977720804897665        1150.0533422264389     
   2.7724511434980763        1149.7831661418800     
   2.8141089352930835        1148.7949165341818     
   2.9924630225879323        1148.8977501214410     
   3.0044645479302572        1148.3166350007934     
   3.0355888645762321        1148.7342528316065     
   3.1061235998786949        1148.7600866736179     
   3.1727559164963628        1148.2951322932558     
   3.2567644678158123        1147.8048425468191     
   3.3854851290799144        1147.5775035979073     
   3.4626432266122888        1146.9778697420318     
   3.5811297423118944        1146.7299984864630     
   3.6488785443790879        1146.0680445236828     
   3.8123256761832280        1145.8152416454689     
   3.8611351757734056        1144.8619024110337     
   3.9474010257325700        1144.4493606806818     
   4.1662931959706935        1144.3720139322811     
   4.1832346602247545        1143.0128508001726     
   4.2576572123617895        1142.4614516755016     
   4.5410191096508390        1142.7768989341187     
   4.5263681056845773        1142.4340846889520     
   4.5826451113545055        1141.1737480924853     
   4.7437959440378590        1141.0493157930789     
   4.7668032770464439        1139.8491523245561     
   4.9403926533677094        1139.1274105506538     
   5.2386145197538276        1139.4695783033314     
   5.2628413884418590        1138.2197713446672     
   5.3810807328816646        1137.5355983936772     
   5.5443868795263116        1137.2892884769581     
   5.6709273036753522        1136.8401191723885     
   5.8069124204148626        1135.9289402100403     
   5.9964182417442577        1135.1732229761458     
   6.0410102826663881        1136.9065479529629     
   6.0591150132539671        1133.8673833250211     
   6.2040293109979121        1133.3196548546589     
   6.3975649601012154        1132.2635482858523     
   6.5730414088405968        1131.4459451489827     
   6.7538462965420161        1130.4649258295710     
   6.8687457187855667        1128.5682366271863     
   7.0831341022326217        1127.5315958806525     
   7.1753018303602980        1125.4282523136740     
   7.4297750588865137        1124.8551708489101     
   7.6543900093804709        1123.7967527739850     
   7.8191491456068327        1122.7014255889626     
   8.0579054287757916        1121.5003577186205     
   8.2133876925113594        1120.1643409464216     
   8.4582012271424531        1117.7407154013893     
   8.6583710943474230        1116.6880394667555     
   8.9207724608328487        1115.7295861482814     
   9.1335305374549254        1114.7280804543234     
   9.4150179914717356        1113.3775302711429     
   9.6155680801976882        1112.2691620283174     
   9.8681381396178658        1110.8021743272739     
   10.181167237576709        1109.5420963742383     
   10.424461007879541        1107.7998767377192     
   10.700786171988419        1106.5346918532875     
   10.898389197591037        1112.2980023539133     
   11.195436712010112        1111.3535628106242     
   11.496581427851948        1110.7389676442781     
   11.798646623220527        1109.7546902677682     
   12.125463846699802        1108.5761030483031     
   12.412407667165937        1107.3699427057691     
   12.784397061397154        1105.9918942633208     
   13.112260616039725        1104.5002803414657     
   13.452091407925639        1102.7875044277164     
   13.816526997039610        1101.3496461117857     
   14.139269594998268        1099.6899024556947     
   14.517802009713899        1096.5384182249613     
   14.744729600664915        1083.4297645220324     
   15.120416309028327        1078.5956962416469     
   14.286088048190720        800.29188348901653     
   14.661566400726464        794.74688425730903     
   15.047728457840082        793.05808921277946     
   15.453294456521114        790.32420443667945     
   15.865052881597880        787.42564232504037     
   16.281374005083983        788.02026325689724     
   16.705578304888085        785.04999082435279     
   17.017456653411887        778.19413879713011     
   17.460284645398826        790.03909977555554     
   17.912233681354618        786.67892802424183     
   18.326091004865756        779.49856781014819     
   18.803156240148276        773.37335047011641     
   19.236359885899638        765.18201328682960     
   19.270348270863138        681.35232262164357     
   19.781637016687974        661.79139049030698     
   20.301669444361728        659.32624044674048     
   20.834409300622198        656.46880470738324     
   21.374808616971229        651.47346025970899     
   21.873294159004928        613.97710343573749     
   22.426320324563871        611.68766600604897     
   23.018904064872629        626.25544713256193     
