  0.26375743412498387        3576.0452104948226     
  0.30213624157983726        3576.3094676741489     
  0.24146868867017407        3589.5923205256668     
  0.31742372584859291        3590.1509434587424     
  0.34890609704304604        3590.8758339868841     
  0.34272114227318168        3592.0607054667166     
  0.29712441151102337        3646.6538842153245     
  0.36494454531515813        3647.0613240565644     
  0.33813940457900998        3655.7935745360651     
  0.42785574291366640        3655.9085903326472     
  0.43506180664359806        3656.2823869044105     
  0.41393866719378392        3658.1840723119440     
  0.51255234033809216        3658.3224200116379     
  0.39998644895313396        3660.8600376705108     
  0.48226266882591745        3660.8670251044409     
  0.49256170742410377        3660.9035712765440     
  0.61001128423679840        3660.9493805092879     
  0.48870664322704255        3660.9994636536126     
  0.60063498061846798        3660.8219782884448     
  0.55724611935917789        3659.8754815554662     
  0.68296227699094003        3659.8246301907443     
  0.68742162567681542        3659.6156832939241     
  0.58485845826514704        3648.0078894866015     
  0.60572815705483951        3648.6016777691207     
  0.74154406415285345        3648.6937680605602     
  0.70836786296514420        3649.0322430306160     
  0.77914881633624566        3649.0504122741681     
  0.76741576696835301        3648.8449819017651     
  0.72910700903009085        3642.2654408095045     
  0.78121330845291770        3641.6958637179723     
  0.83767861150234513        3641.3622728534383     
  0.85270476257766104        3639.9387731680263     
  0.95025940448414004        3639.5275593656379     
  0.85824094339241730        3630.9241341536067     
  0.95109743589438234        3630.2032507075701     
   1.0009027389266505        3629.4586407786674     
   1.0927378513410821        3628.8599500860118     
  0.96130386851403460        3613.0453998708604     
   1.0546378227910658        3613.0189559186747     
   1.0979899362890129        3612.2215938575077     
   1.2925271069040674        3611.9325530347405     
   1.1152193585158254        3603.1317827951107     
   1.2068392290167764        3601.6113154513564     
   1.2412378653382397        3599.6208667735650     
   1.2081743355499375        3587.2993814382985     
   1.3108839600023641        3585.9431696092547     
   1.2299473084059411        3552.4160704075298     
   1.3415245745966728        3552.2571345966903     
   1.3919338043690930        3550.7197827694304     
   1.4020929875377426        3546.4585236040334     
   1.5528310287746627        3545.5801266646349     
   1.4139161205293163        3469.5824701075003     
   1.5028955575133058        3469.1897795380778     
   1.6079713347801989        3468.9368471253588     
   1.6027839206706505        3465.5748992422386     
   1.7217619950943523        3464.7037820557684     
   1.6314830514005709        3451.3855387055896     
   1.7487198747561448        3449.3467174498719     
   1.8020618032663045        3446.5175379412290     
   1.7703578796806925        3438.0125629012123     
   1.7795646474675322        3275.8190488607938     
   1.7967449798270563        3188.8916136279272     
   1.8324695031256839        3189.4363967495960     
   1.9538605927662502        3188.7032860445670     
   1.9546266506782857        3186.6777071929046     
   1.9364897563204269        3175.8535490106569     
   2.0898126563140393        3173.6918538997234     
   2.0434863062597066        3153.2935714128321     
   2.2127030942093322        3151.6869361708577     
   2.0972617803910776        2969.5531745833846     
   2.1567305504771830        2965.3015964251636     
   2.3050644698582787        2963.0211245540654     
   2.2709862377225991        2946.9668303216445     
   2.4186149395960617        2944.0651844570320     
   1.9923813835744499        1819.7609926715936     
   2.0153706734455468        1815.4248934977250     
   2.0577978304935240        1805.0200123575348     
   2.2112318074253232        1805.1793258850689     
   2.2672439998220799        1804.3925283018061     
   2.3905612161224656        1803.8596080137690     
   2.2937146652331530        1796.9012618872775     
   2.4309984987443682        1795.6738693004320     
   2.4825746527156269        1792.9286248283549     
   2.4713754681083002        1758.8538854568887     
   2.5446106143439926        1765.4605312035721     
   2.6836221243666070        1765.5759698598888     
   2.6218515464865280        1750.4219706051563     
   2.6550587995313513        1746.9809262935828     
   2.7962402889426934        1746.1768529923690     
   2.8509828691975612        1745.0318715496176     
   3.0081968173972373        1744.4844964999563     
   2.9724213196969012        1739.0971457786709
