 -0.12542788550107026        2592.5562720926896     
  -7.0367425648595869E-002   2592.5562720926896     
 -0.12879591719457517        2593.3704900523094     
  -7.2320831982637113E-002   2593.3582460471803     
  -9.6245588608835683E-002   2592.4888543698648     
  -2.7102836354549808E-002   2592.4888543698648     
  -7.5101988934198977E-002   2593.5164367716657     
   5.0781451476044209E-003   2593.5030235241416     
 -0.10291967752356931        2592.8697241331574     
  -3.0774572892590505E-002   2592.8697241331574     
  -2.9883038568973782E-002   2592.9680604394389     
 -0.11139064152263584        2592.8712517173021     
  -4.2901974121916805E-002   2592.8666479985022     
  -8.2569916366430435E-002   2592.6592281077578     
  -1.5323720698460540E-004   2592.6592281077578     
  -6.3530993671076230E-002   2592.8489471675230     
   2.9859825499414114E-002   2592.8489471675230     
  -7.7118159403897935E-002   2592.8563258474533     
   1.1497750756647010E-002   2592.8563258474533     
  -1.3479274922411091E-003   2592.4698549860245     
  0.11664603919473594        2592.4740897353327     
  -9.3647127885655962E-002   2591.7872818800997     
  -9.5781464069145741E-003   2591.8059293622509     
  -4.2949230802488664E-002   2593.4114340623246     
   6.1065816388560928E-002   2593.4114340623246     
  -2.8005398262201508E-002   2592.4202555143711     
   7.6813545831787275E-002   2592.4681505869939     
  -3.5772729152003829E-002   2592.4062306635901     
   7.6984499397590403E-002   2592.4103902365177     
   6.9666294887227462E-002   2592.6067308944375     
  -7.7468752795543147E-002   2591.0083432279589     
  -5.6390362908598536E-002   2593.7095879633325     
   4.7921530643131968E-002   2593.6749107332166     
  -6.5933289956148231E-003   2590.9490100044886     
  0.11716152383769869        2590.9490100044886     
  -2.1894140463304186E-002   2591.1396885508384     
  0.10108895829507709        2591.1396885508384     
  -6.0626648475912696E-002   2591.2298798253582     
   4.3142679294131452E-002   2591.2298798253582     
  -4.3150329780062419E-002   2591.1100403832556     
   6.6499413896668191E-002   2591.1217967341154     
   3.1374576501595343E-002   2591.7659387500344     
  -2.2684888781517039E-002   2592.2492438562049     
   9.4781440575650050E-002   2592.2343369343721     
  -6.0242122623699393E-002   2590.5317184720216     
   4.5237044268397496E-002   2590.5483210232005     
   1.1494234236812938E-002   2591.7061355201181     
   2.8616954340996469E-003   2590.5231188805014     
  0.13619055686263581        2590.5622248779682     
   6.4132642040563475E-003   2591.8080403530671     
   5.4019147497091378E-002   2591.1919325377289     
   6.9011022635907318E-002   2591.7031273538064     
  0.22951630987420482        2591.7031273538064     
  -3.5743160439178003E-002   2591.0016674349317     
  -3.3540628818041353E-002   2591.0897072297494     
   8.8163192490882281E-002   2591.0897072297494     
  -2.4172751126350599E-002   2590.9524091145058     
   1.7267030537873266E-002   2590.6764312317964     
  0.15918497371647292        2590.6764312317964     
   5.7086924746870341E-002   2590.7605467862800     
  0.10397907699593166        2590.9662513437952     
  0.25911955650590379        2590.9325586189243     
   1.2539254602983172E-002   2589.6803061675332     
   3.3833503433080149E-002   2589.9359840989246     
   4.8146230629264000E-002   2589.8306926318974     
   3.0666306140118529E-002   2589.9893842711886     
  0.18426806819758440        2589.9908086063569     
   6.5749849973912353E-002   2590.1190802815454     
  0.14264289662027613        2590.1457220403204     
  0.14340728915312007        2590.1606861594132     
   4.9623527211935158E-002   2590.0759269867381     
   8.1560709470785281E-002   2589.9935643030808     
  0.25518612201752977        2589.9932652582506     
  0.12653152596723521        2589.8826423941346     
  0.20151832001930009        2589.8819115593869     
   7.6911537797055923E-002   2589.6164614038853     
  0.12102815355644746        2589.6245528578515     
  0.16334325381027193        2589.5317002843703     
  0.15762642550712463        2589.4268172409761     
   9.6912688444852110E-002   2588.4130839160553     
  0.12412508682158882        2588.5352373877104     
  0.13867149111567692        2588.5544067327723     
  0.13137604792174293        2588.6668649446342     
  0.32972198027954641        2588.6668649446342     
  0.13185517904843419        2587.6940247491766     
  0.17384590975047853        2587.9156393449543     
  0.19294336813518567        2587.9285152466996     
  0.14002090700323669        2587.8255049425079     
  0.19709685926913720        2588.5851352936706     
  0.23276610870147196        2588.0292433066402     
  0.21012082395681175        2588.0034584814134     
  0.28457276715219348        2588.3548077739797     
  0.18038615103947048        2587.4136352932792     
  0.23942738027477503        2587.3345300531228     
  0.27859732775782836        2587.3133483988167     
  0.27898318657476245        2587.2816973749655     
  0.38111344945702191        2587.2684595679261     
  0.23146082489610961        2586.1190514031441     
  0.30387263301575229        2586.0268084317158     
  0.31981944166948661        2586.0088403335931     
  0.42072620465441951        2586.0242599872590     
  0.36454842126130244        2586.0029258641011     
  0.44478384655857467        2586.0124648482497     
  0.33539912307945985        2583.9603915985199     
  0.41858596402522075        2584.0450214981524     
  0.41838068935139217        2584.1826195945287     
  0.41843718344921643        2584.2767955428794     
  0.54818738418146584        2584.3076223076828     
  0.50012149761532454        2584.2150932101736     
  0.43074330303523528        2582.3404808104387     
  0.47044641683421728        2582.3235738772141     
  0.54148656261876016        2582.3959499510765     
  0.51585307038770112        2582.5293395678791     
  0.60160123951222266        2582.4990257967288     
  0.50572109396803977        2581.6782993004085     
  0.58580976093051407        2581.5252478852121     
  0.67626061159606154        2581.4372086909520     
  0.59470836568012664        2578.8855694193071     
  0.62352847398857847        2578.9643149527692     
  0.76310278983790536        2579.0424502311689     
  0.68943665414688104        2579.2671254522065     
  0.81090411597426448        2579.2856795233456     
  0.71995224307595473        2576.8574546893719     
  0.76144401346357926        2576.7051469734242     
  0.91586135483823305        2576.6944364860874     
  0.76877259709040047        2576.0598237374397     
  0.84837300075926214        2575.6156897447936     
  0.78893760318357586        2573.1955740550311     
  0.87635579630894656        2573.0556793228720     
  0.91620049610211940        2573.0642006261833     
  0.90482222243071153        2572.6504602847958     
   1.0156020526707044        2572.5016065337163     
  0.93989232218822050        2568.1234917278421     
   1.0085839532690251        2568.6912907996889     
   1.0520903626194755        2568.8875986260550     
   1.0273462761571990        2566.9787534025918     
   1.1077920405465771        2566.6824237939131     
   1.1817825500033605        2566.7596691646340     
   1.2391978740618150        2566.7664870704180     
   1.1811786570312535        2563.8644155959623     
   1.1982961016572968        2563.6676321136365     
   1.3291631331367293        2563.6350707346733     
   1.2522591365225109        2562.5405662989506     
   1.3689426492451184        2562.1455050040245     
   1.3375902322256572        2559.5510115994466     
   1.3980175900300680        2560.1335035733014     
   1.4475281154829494        2560.3878165622923     
   1.4757573086522224        2559.9937020485704     
   1.6357905978505882        2559.8979442435761     
   1.5755308306779503        2558.2599060677026     
   1.5580209915705105        2556.7903272268841     
   1.6551402095848746        2557.0018579135317     
   1.6937539815660092        2557.0516998632329     
   1.6792099259767117        2553.5667181905374     
   1.7107971473542893        2552.2620745367949     
   1.7972410090182591        2552.7904082928012     
   1.8735071850695302        2552.9314562926734     
   1.8915569001201118        2551.7418813720710     
   2.0186790639463053        2551.1751374260898     
   1.9923394230674574        2549.1870981947072     
   2.1502704207789232        2548.7859449298685     
   2.1157791057391431        2543.4032754203508     
   2.1500472581892311        2541.3241094758314     
   2.2730979998773089        2542.0747025464525     
   2.3384770843751772        2542.1684546146771     
   2.3586144353621097        2539.8595104905262     
   2.5006741660194152        2539.3888985121835     
   2.4649570483359358        2536.1951065729345     
   2.6218171332836051        2536.2270566571401     
   2.5935003120769760        2532.2938193588830     
   2.7545256363475654        2532.6500918833203     
   2.7364097895217689        2522.7090228569450     
   2.7948227089720978        2522.6136262230702     
   2.9491499305129030        2522.0133421511628     
   2.9750990848511307        2520.6589107765735     
   3.0920960779592201        2519.6109446093747     
   3.0912710700111319        2516.2799475548391     
   3.2825193702100179        2515.9772836239999     
   3.2645313865933026        2506.1865551462874     
   3.3671850029535260        2505.9239404102145     
   3.4363880580154968        2503.5944840625530     
   3.5199807648847523        2488.9612182024453     
   3.6510106972495722        2488.4648713049869     
   3.7187095637905228        2486.1248462975582     
   3.8638519866855630        2483.7441674496758     
   3.9209877288931261        2479.7289635895768     
   4.1120246716489852        2479.0059899757593     
   4.1415298659915791        2475.6138206390315     
   4.2037653316560855        2471.1369599399923     
   4.3438168770635324        2468.4960598278608     
   4.4411229856801100        2463.9945726604255     
   4.5523639726244944        2459.6256230768499     
   4.7185839933761793        2457.5825162393567     
   4.7952948100102226        2452.7880677289868     
   4.8930188092516174        2411.7432603547518     
   5.0163365812975513        2410.4844647817295     
   4.8040731692829093        2201.8870952557149     
   4.2922757022454681        1387.5532980883033     
   4.4019771318872305        1376.9270890476444     
   4.5242592576910896        1371.2813713349205     
   4.5820513352802568        1370.4095631851819     
   4.7767792179925426        1368.8409726996383     
   4.8014995965569556        1356.7670115787382     
   4.9189893908479387        1348.1892920720709     
   4.9843660969955916        1341.3885831462837     
   5.1034237398607809        1339.2038409006673     
   5.3178220335384516        1327.6066746764020     
   5.3597473739494959        1326.2236671978710     
   5.5125262888544295        1324.2858239932234     
   5.6340800112669012        1320.3214813894822     
   5.7553513904880393        1315.7871330137411     
   5.9753916698311791        1315.0975386738039     
   6.1031268654809390        1312.7499409048237     
   6.2422044147724343        1305.5274869185084     
   6.4119173002318961        1306.0353284100620     
   6.5405083581275543        1299.2075919883346     
   6.8072989710215275        1299.4903721921328     
   6.8789092307962152        1297.4360992674033     
   7.0325010028777415        1294.0970022319050     
   7.2199375909004946        1290.3426327369937     
   7.4148872013019744        1287.3460455183904     
   7.5901435808989781        1283.9802787592032     
   7.8013072973454429        1282.0016702260814     
   7.9817998931100522        1277.8539266495670     
   8.1867248692796899        1274.0161830056843     
   8.3633553845760531        1270.8599519317079     
   8.5937631400527454        1266.1770730642611     
   8.8219863272259822        1261.1804360901501     
   8.9569857289542725        1253.5415197778154     
   8.9914373226230087        1090.8951120021252     
   9.2357454786432580        1089.1703880316340     
   9.3916074663005134        1082.3007143793313     
   9.5853295213662193        1077.3466819858279     
   9.8848740330046923        1077.5843596571110     
   10.125867186996029        1075.9874924239175     
   10.422178120174415        1072.5493038725706     
   10.290798660151433        1059.8484485421563     
   10.541783170501642        1057.0716021042458     
   10.832309189759769        1053.9660449394216     
   11.054109788613239        1049.1631528522896     
   11.302557859793582        1035.4319060045552     
   11.598299792542878        1026.1416409299284     
   11.741330103697386        1046.5507126521638     
   11.969938935693051        1004.4521419036229     
   12.232998507061463        989.66897554404284     
   12.590785148872561        990.73429119719071     
   12.784832390353142        995.70739381892884     
   13.102603836986294        993.88751762812819     
   13.428948353560326        989.26534146392885     
   13.747040766416964        989.68506066325756     
   14.131437906636959        986.59973120845586     
   14.431096384522810        981.31325445145796     
   14.795780631283032        981.76638729081026     
   15.154177304528336        975.94216511286731     
   15.389815649619090        948.00755297750231     
   14.218225058639746        945.55863412816598     
   14.581625600571885        948.01871097293190     
   14.961870474603451        944.13408423767783     
   15.340902548776079        975.55698678582598     
   15.736193649418773        972.02791252252086     
   16.137142437088944        995.74130072740149     
   16.544316316419462        991.18456808105952     
   16.952556244481602        1005.9792839703980     
   17.365393209908621        1020.2508870591337     
   17.730294662012913        979.04880516343405     
   18.192221784480548        975.17190558571053     
   18.656018745643809        1006.7337257089328     
   19.133669019625749        1002.9007817649966     
   19.623543164117635        989.68418417470480     
   20.125793588479496        986.16080977977106     
   20.637596983631575        983.14385641196054     
   21.155941839477350        979.16543413662646     
   21.673392928434403        957.17778963726471     
   22.248718544572782        962.65667572193229     
   22.826792605085547        957.24913430244567     
   23.423355976686594        951.67520531390198     
   24.033461613739540        945.41482181023378     
   24.658892045618519        942.32293569976730     
   25.303049743783664        936.25157858271621     
   25.959966693575915        933.22641372905889     
   26.642190053262468        935.82378658478228     
   27.338354641781123        932.70132989700267     
   28.050718615239894        930.43770550627869     
   28.783963637731432        928.39023491183582     
   29.533982462915816        925.92731223719534     
   30.305755569025127        923.93853232008814     
   31.092293103529293        921.97687460852978     
   31.881905120970227        920.46367309123559     
   32.701647359314002        918.42954408636501     
   33.551725389359433        916.79261934761121     
   34.415643781356579        919.66579704950288     
   35.283515555223815        941.30999047312582     
   34.793898134150119        974.86258279525100     
   35.695862984019861        1068.7838339927525    
