 -0.24395736978809321        2548.8745802693147     
 -0.24344432111030054        2548.8745802693147     
 -0.23852734912979326        2548.8745802693147     
 -0.22799277766063805        2548.8745802693147     
 -0.21003205517229623        2548.8745802693147     
 -0.18214403039969804        2548.8745802693147     
 -0.14136729541940934        2548.8745802693147     
 -0.15285778284331261        2549.5436254803608     
  -9.5552247505874849E-002   2549.5436254803608     
 -0.12146166905936302        2550.1155245203831     
  -4.6426389774167472E-002   2550.1155245203831     
 -0.11855612224392616        2551.1204424451480     
  -3.9293411450342514E-002   2551.1204424451480     
  -9.5115087790201572E-002   2552.2926734603225     
  -3.0923078504378073E-003   2552.2926734603225     
  0.11995311371655186        2552.2926734603225     
  -4.4788861398016938E-002   2554.4928807608744     
   7.0643146000963969E-002   2554.4928807608744     
  -3.5852930698617481E-002   2555.8997853056549     
   8.7473146127012361E-002   2555.8997853056549     
  -3.0153598732284338E-002   2559.5656764608184     
   9.3965459688532815E-002   2559.5666470807823     
   7.0535002059181159E-002   2559.8883380751790     
   4.6398531711112877E-002   2560.5459344563392     
  0.20393194229281136        2560.5459344563392     
   1.3401520532935252E-002   2565.3448960753676     
   7.0273648595326366E-002   2565.2677742204137     
   9.0402555382285824E-002   2565.6001340019266     
  0.25147563482142388        2565.6549151927443     
   9.8919644999081305E-002   2566.2082710629306     
  0.15418347931585338        2566.6608261185470     
  0.26141656372079786        2566.5472212886634     
   6.4644893925477676E-002   2567.2365971904096     
  0.13648752591646077        2566.9357126045916     
  0.16120328903355002        2566.7505980154688     
  0.11782053061069074        2564.7970677148710     
  0.17722102424745759        2564.2409105842826     
  0.21395909414246347        2563.9239280075808     
  0.11376873091280094        2557.3412697540484     
  0.18263585199266549        2557.1811444658060     
  0.20890065731098467        2556.6412097353100     
  0.24709745286718005        2556.0982680083494     
  0.28494346474581200        2555.3673829283380     
  0.21409314755294673        2550.6612986632394     
  0.27238629771991124        2550.2047851066427     
  0.27779420382874426        2549.0346260221027     
  0.19677324267494864        2533.6466556383275     
  0.26994261415183618        2533.0885164633951     
  0.30768763273950023        2532.5140432087915     
  0.30112732248491370        2530.4800975297339     
  0.26472501807186222        2518.0498866447401     
  0.33326064872494504        2517.8268517715369     
  0.38409584809390579        2517.1019110409375     
  0.37258807526106508        2515.7836171824074     
  0.31065054903598638        2500.2919045989875     
  0.36871698737905018        2499.6019896706298     
  0.40724543219854764        2498.6967314275680     
  0.41834800455276894        2496.9159202351202     
  0.53028642036693174        2496.3024022904465     
  0.37841618967992013        2479.1218148542607     
  0.46628567980911467        2478.7699345042333     
  0.47413815533449999        2477.4680672606519     
  0.48678808489889697        2474.9048541656662     
  0.57100413116427806        2473.6567205918623     
  0.44517766491876748        2453.4993618398807     
  0.55574853632679733        2453.3515208861731     
  0.56047188395647229        2451.5307058330559     
  0.57914169437307539        2449.2324779514611     
  0.55169310288685924        2439.4183085127675     
  0.65059211912299086        2438.3484855435981     
  0.67704289984409494        2436.6850248301394     
  0.80896544695092032        2436.2640523504519     
  0.60754714368324769        2415.8388186666534     
  0.66552783143371119        2414.1228036002076     
  0.71995949118026725        2412.2882316919786     
  0.71916493848483720        2403.8967182448532     
  0.82381541568015737        2403.4037775821321     
  0.72445414907045846        2379.7123748993336     
  0.78363614990261177        2378.1497063448228     
  0.83703519793927594        2376.5116766216302     
  0.87963280458707949        2374.6811354761840     
  0.80906420479582508        2351.4735769388826     
  0.87867863934367940        2349.8371330408677     
  0.94370425466495134        2348.5076619726215     
  0.90974679883003395        2336.9162206902106     
  0.99762808289508054        2335.8674568716788     
   1.0478137534271628        2333.3752227994082     
  0.95164448804400703        2297.7217221565506     
   1.0217957491100260        2295.9627560409799     
   1.0464260053543533        2292.2437105833196     
   1.0339858100815116        2230.6503221420217     
   1.0779036585126101        2232.8276953644263     
   1.0980056162731107        2236.0058803871584     
   1.2647526460767922        2236.3496790325021     
   1.1504052932325772        2237.0631006270701     
   1.2607931551194946        2236.5842997474529     
   1.2998037628837429        2235.3736070863597     
   1.3074456260150429        2232.8992819747500     
   1.4429354653202833        2232.3998434430182     
   1.3384080575020085        2223.5583714075483     
   1.4425576813010277        2222.3523557584090     
   1.4271956680172764        2183.2270302265247     
   1.4544459921249500        2186.5065598537399     
   1.4754121203949897        2187.3147588309239     
   1.6360154127923758        2187.2382123496036     
   1.5467826525582813        2184.2148340726312     
   1.6596807259633906        2184.0002822995266     
   1.5892543718488634        2170.7441715839414     
   1.7267796624174143        2170.0731047100826     
   1.7981808190862565        2167.5136655305232     
   1.7595103119798572        2130.1300850300408     
   1.8993012102626721        2130.6636115503825     
   1.9443707046404040        2131.3027169212796     
   1.9484631249106206        2131.9934210970164     
   1.9774122001884398        2119.9906050893496     
   2.1487737400884370        2119.4653661507596     
   2.0893975519272958        2111.1422634734113     
   2.2228248903568093        2108.1535283570165     
   2.1712283151600729        2105.0335692255067     
   2.3395100831786344        2102.9964794044131     
   2.2600678865331916        2094.3159598342427     
   2.4848316741130505        2093.5244865446443     
   2.3990703205125459        2077.6208386863609     
   2.4958351382966697        2077.5887617589301     
   2.4893485509438475        2069.5539992822542     
   2.6966810607071134        2068.9033876426815     
   2.6158675130722493        2089.6167897521259     
   2.7598884952907747        2087.9828172040429     
   2.8351825532793171        2085.9112987179324     
   2.7834576307193366        2130.9868198645968     
   2.9731708184621568        2129.8087096558934     
