   1.0489644727738046        2542.3466333153287     
   1.1562749089404520        2542.8529309265250     
   1.1932297383909778        2544.3630855315669     
   1.2015438006898786        2547.7704235648266     
   1.3348890732509089        2548.0498910738143     
   1.2539870092762455        2548.5867890703626     
   1.3686956722746744        2547.8142944441629     
   1.3279192156999744        2522.7206576919953     
   1.3899711779781576        2522.9461540915822     
   1.4311446274744237        2523.7100344701726     
   1.4499211496057394        2523.0628164111349     
   1.5700207020926336        2522.2084330283919     
   1.5995921362880310        2519.7152732247318     
   1.5713849416760555        2511.9361722278763     
   1.7283153351050908        2510.9270656356771     
   1.6416309144154069        2489.3652716780721     
   1.7842281120771117        2487.6871425558829     
   1.8309218570102974        2482.4760861251966     
   1.7704128393519063        2382.3297436621810     
   1.8596301094579106        2381.4461095512916     
   1.9084994133842528        2378.7911416122333     
   2.0333352932146043        2377.5939973504078     
   1.9712674605563445        2344.9636449788927     
   2.0694133807359392        2339.8385422091828     
   2.0653117065979232        2236.8586592995116     
   2.1624204761025601        2234.2643516533617     
   2.1333008882255200        2174.9692300687025     
   2.0507161759529819        1639.0335638318024     
   2.0444230722673367        1631.2527832204310     
   2.2262913787990914        1631.3964644123912     
   2.2710559677798727        1630.8924688145855     
   2.2467064422238301        1626.4677304397687     
   2.3852125362244667        1625.3789937368863     
   2.3702793138326168        1620.2522208553712     
   2.5118748260698425        1619.4498244667377     
   2.4915186933139020        1594.7586496305594     
   2.5443635958860638        1600.0739428953837     
   2.5635497772421405        1597.6268784074139     
   2.7311352960995494        1597.0542070479266     
   2.7599831050277142        1581.7201659176199     
   2.7860923385334013        1581.7791278495756     
   2.8794524254567597        1577.9298883775098    
