   7.9661326708111282E-002   4399.2006215193342     
  0.12117032853577463        4399.3788773766209     
  0.13795141998097180        4399.7916686590397     
  0.10604600371645022        4401.2295893086994     
  0.20443271328226773        4401.4478384115218     
   9.2429306948523596E-002   4406.1492308093311     
  0.16408656112380210        4405.5944972107554     
  0.19149384340877815        4406.0148292763688     
  0.21756519839221197        4406.2857105726152     
  0.23052580507941528        4406.3535289529291     
  0.14083284471808769        4408.4812247972650     
  0.18072436542412901        4408.2590578174959     
  0.39536102583473820        4408.2590578174959     
  0.27183716056880908        4407.8777722993718     
  0.18120235429361192        4401.9196468137252     
  0.24545746088112400        4401.8204115384879     
  0.27611013534635775        4402.2762283475477     
  0.25501493547342824        4402.4784319949658     
  0.36272359040565649        4402.5902563587970     
  0.28272285217431864        4403.4797680660249     
  0.36307199220166397        4403.3835102263665     
  0.26084150849829735        4403.2939733728981     
  0.34502992353898049        4403.0315980768601     
  0.41000102568740115        4402.9644753640250     
  0.40511920275136942        4402.5679298053619     
  0.34541154361115889        4389.7623951190590     
  0.41789442640205210        4389.9787836748110     
  0.40143625467405564        4391.2903427517940     
  0.50975086717930351        4390.8576295237444     
  0.42345801778545111        4391.5819135031015     
  0.53065059725179164        4391.8661015180214     
  0.42221874964463990        4390.4824668958136     
  0.50673384697431456        4390.2735161591090     
  0.55261406893185017        4389.6330379148949     
  0.46181713852910555        4382.0767875215533     
  0.51628666517493860        4381.0300675309991     
  0.59016518517458172        4380.5694717152537     
  0.60797564021664119        4379.4708091999182     
  0.53342757695615528        4362.6553858812495     
  0.59921494288855015        4362.0856110355808     
  0.62532822972482360        4361.3791995221309     
  0.63395244922214422        4359.5647721887790     
  0.78650167153013484        4359.3780782775584     
  0.62901345179014190        4327.4212306151157     
  0.67082824871443003        4327.5587226715725     
  0.82504226985535156        4327.3409957185977     
  0.76242902803581358        4325.9146553981582     
  0.83944150755747315        4325.2564680043370     
  0.74072831298931530        4289.6566086181629     
  0.78588447930292582        4288.9401543543254     
  0.83171144872907954        4288.2904823178678     
   1.0039199539481800        4288.1221126873506     
  0.85895593275766091        4281.6478174583117     
  0.94279355802279408        4280.0185610967173     
   1.0498345050772611        4279.3298020305410     
  0.94359816518927930        4269.5624411107037     
   1.0344436674083921        4267.9438143306243     
   1.0562210455405008        4265.2606496685821     
  0.98488065630269506        4219.0496896115565     
   1.0349915838660191        4217.8054727180561     
   1.0811864747434317        4214.8700726449424     
   1.0940451976931400        4209.0351130047520     
   1.2551792375170410        4208.2993603142468     
   1.1101293281180868        4063.8858807694510     
   1.2063064029748312        4063.0962357855228     
   1.2238977695911315        4061.2843641574409     
   1.2639936529148594        4059.1247502909528     
   1.2531977097944997        4051.8846850926052     
   1.3799431427518860        4050.7960085092182     
   1.3322617746008925        4041.1802468215274     
   1.4722664246981818        4039.7616600679239     
   1.3201899996041087        3826.6801773498869     
   1.4001323545267057        3825.9556671714431     
   1.4164998497897434        3824.5745020018940     
   1.4098524252373918        3819.9947414831117     
   1.5789410482131807        3819.4155423495185     
   1.4950560511001083        3807.7098551829044     
   1.6308202180109208        3806.0810533888898     
   1.5500586458245758        3779.5662949355647     
   1.6825722782961601        3777.8090032198947     
   1.7433415951678255        3774.3072814008037     
   1.6337471830170238        3476.6293542653166     
   1.6917848554677086        3472.9056039600619     
   1.7647449182583423        3470.3020513262354     
   1.7850407103890580        3463.7699213574615     
   1.9518670508286713        3462.5357425520056     
   1.8466530226510238        3418.8716612777948     
   1.9444191592838100        3414.0746441258980     
   1.9964989924538281        3407.2127715961374     
   1.9950234746491087        3378.6882928021623     
   2.1274246634876679        3375.0623764158718     
   2.1727141435905275        3368.1163423429484   
