   9.0816583150502925        854.64017401242677     
   9.3278363675949105        856.21286241716734     
   9.5986730472068889        846.43124733498610     
   9.8530022460359614        845.64579349188818     
   10.061577538761780        841.33754217482510     
   10.319320376813916        836.35501893628634     
   10.573196392815193        840.92514106694534     
   10.873169840828352        837.41477226047630     
   11.148513974766354        834.25868073875620     
   11.413136330768022        832.28963328792690     
   11.706683303633273        820.05820470711194     
   11.909516309919676        811.44653434828126     
   12.246902533964745        809.96826862390026     
   12.561896595797622        807.05772132088259     
   12.942482115674412        804.43073786445245     
   13.211569131340717        807.52764304655102     
   13.602999484408722        805.60842704555967     
   13.965899444637465        802.95241103571948     
   14.302819713368050        799.73258613971711     
   14.669243590899299        797.06103224564993     
   14.988053264488869        794.74648244727848     
   15.392207844701058        796.41091416057748     
   15.802503070922675        793.32580190628096     
   16.225171216718078        790.35314870981460     
   16.657342949174897        787.22999960543575     
   17.100933280608828        783.70590311599869     
   17.549618131362294        779.96796443823212     
   17.991661167596138        773.42320798575861     
   18.380443703294244        762.55806923775447     
   18.851254185273341        755.94505412643252     
   19.182487875711068        658.31185881608997     
   19.183357810918935        656.13296353403780     
   19.662227065428990        646.05081897944490     
   20.126021409240678        651.45228673697716     
   20.558190765254579        648.73138245333871     
   21.095714811419018        646.44533399263105     
   21.617495835018957        653.40925128372589     
   22.104406250973227        650.00198649111360     
   22.658150109247750        602.72769055836989     
   23.254787520999674        610.20290977638319     
   23.869674860323244        594.30593406159426     
