 -0.13642032785408670        3863.2747282898431     
  -8.4581596288223870E-002   3863.2747282898431     
 -0.11216182204264778        3864.3738547383787     
  -4.9366334136758568E-002   3864.3694589519805     
   4.1769124785799694E-002   3864.3694589519805     
  -6.7417046451851259E-002   3863.6960638184282     
   1.4235932317190655E-002   3863.6960638184282     
 -0.12200093670858382        3864.4091561219475     
  -5.7632378944941533E-002   3864.4091561219475     
  -7.9118449810632901E-002   3862.8792593536327     
   2.7771066264021412E-003   3862.8914584064710     
 -0.14878673936446885        3863.2756288001779     
  -9.0831355229735108E-002   3863.2710996550218     
 -0.10393668743000077        3862.7823715808754     
  -2.8131122188478828E-002   3862.7895364684923     
 -0.11333616785151661        3862.8146229847584     
  -3.8119308032859581E-002   3862.8199898439416     
   6.6346216274531633E-002   3862.8199898439416     
  -1.5047685944309592E-002   3863.4007425784939     
  -9.7186165783767917E-002   3863.3942123483721     
  -1.1966726968328035E-002   3863.3868552763406     
  -2.4837420132136155E-002   3862.9874353038267     
   9.0165478317930273E-002   3862.9853353535309     
   1.7401505930408026E-002   3863.2415342955546     
  -5.8693826115433487E-002   3863.0796632034449     
   4.6976782200440097E-002   3863.0796632034449     
   5.6326296515301542E-002   3863.1365913972900     
 -0.10568538408000100        3861.8084903174513     
  -1.9497465751517496E-002   3861.8084903174513     
  -7.5476874604524541E-002   3861.9024533791157     
   2.5086702963608563E-002   3861.9024533791157     
  -6.5362440535512420E-002   3862.0452742196744     
   4.0815045444924564E-002   3862.0457278104955     
  -8.3857472861025156E-002   3862.2174940977948     
   1.5131847624111374E-002   3862.2174940977948     
   2.1865767693859010E-002   3862.2557279876464     
   9.9350830519566880E-003   3862.2354561569641     
  0.14400456357032509        3862.2352105916498     
  -7.5220559950725185E-002   3861.8615407909820     
   2.6085345596520086E-002   3861.8615407909820     
  -1.5726010648603749E-002   3861.9636763371100     
  0.10884469365842780        3861.9636763371100     
  -5.3881062158773708E-003   3861.9392105817624     
   6.2104658504467121E-002   3861.9676791567344     
   5.3037755864418092E-002   3861.9359216331354     
  0.20404573566965284        3861.9359216331354     
  -6.1439783041101113E-002   3860.3267220416151     
  -1.1876320395097279E-002   3860.3549535680672     
  0.11559098752868799        3860.3549535680672     
  -7.3122270028977681E-003   3860.4707673376711     
  0.12297585091885170        3860.4707673376711     
  -5.2740274818489103E-003   3860.7058275518684     
   6.6162013425176067E-002   3860.6900347115957     
  -5.3196956296193290E-003   3860.8549010751167     
   6.7997767110531709E-002   3860.8379171637835     
   9.3144946558287950E-002   3860.8318613683837     
  0.25927452737582829        3860.8318613683837     
   5.8179904754679677E-002   3860.6926115951096     
   9.7026262330064922E-002   3860.7194074877657     
  -3.1509752928315831E-003   3858.9719713043069     
  -1.7703366658135696E-003   3859.0579009385583     
  0.13217488991602169        3859.0570374496970     
   2.9463265748241430E-002   3859.2254447490109     
  0.16636082804248781        3859.2285726105715     
  0.15991584490637689        3859.2456878243934     
   7.6795854598951205E-002   3859.3644706636492     
  0.15614538803748881        3859.4127816319274     
   6.3283879816088184E-002   3859.5641029723520     
  0.14150920796020422        3859.5828160627916     
  0.16772831732750690        3859.5527700131179     
  0.36415553884924534        3859.5527700131179     
   5.7539050911955922E-002   3857.8109022172694     
   9.0344146410676618E-002   3857.9345596456355     
  0.25901540676200807        3857.9345596456355     
  0.11856947484278725        3858.0334890814106     
  0.19037364855680555        3858.0834719807071     
   5.0999730107350871E-002   3857.8196709018316     
   7.0552113164535038E-002   3857.8740654880530     
   9.7667393403058522E-002   3857.9514442472282     
  0.27227714344489762        3857.9515060014760     
   9.8909989063592232E-002   3857.9098267816930     
  0.16339032852305399        3857.9714609704065     
  0.17378078108751385        3857.9641358940603     
  0.35401041853493498        3857.9357010366002     
  0.16104403564556835        3857.7677772435700     
  0.22956278121876708        3857.7603020375445     
  0.25982248120534090        3857.7209501349453     
  0.12488509701067102        3853.6326906861595     
  0.13277791293880284        3854.3226762884669     
  0.22876795521508897        3854.3717836779151     
  0.19137817699857226        3854.6081871077968     
  0.29540092716504512        3854.6511902441152     
  0.20042755635778042        3855.0077199235425     
  0.26838134613970654        3855.0120213197661     
  0.30285122349455879        3854.9691387296893     
  0.32541120915907840        3854.9238721971165     
  0.21600707011617346        3852.7158697099435     
  0.29110936518341207        3852.8147789438972     
  0.33526141702558093        3852.8375336315044     
  0.32113354559540674        3852.8760285370608     
  0.27985422248348102        3852.8945507211802     
  0.41141506982696929        3852.8776586363542     
  0.30128511060541641        3852.0595214008945     
  0.39920144579358691        3852.0181476885045     
  0.46235520412535192        3851.9916023784158     
  0.32979335530207982        3848.1065821082875     
  0.30429165522274454        3849.8247322255443     
  0.39704522722939545        3849.7242352523808     
  0.43774561801991091        3849.7880868584871     
  0.36633893548741481        3846.7820601968506     
  0.39373064543004144        3847.7827628632299     
  0.51706880314782588        3847.8001779050560     
  0.51641502924100513        3847.9253135277563     
  0.49944466410549077        3848.2374534760579     
  0.60676648105120501        3848.2209998577673     
  0.50322621463281825        3847.7678026819617     
  0.60750994033729167        3847.7147901284020     
  0.49007421855206834        3843.5873742214394     
  0.51427050164949717        3843.2700906979462     
  0.63351056542731832        3843.2698429440529     
  0.59943233914007565        3843.2814670105795     
  0.71826576550507615        3843.2565381478980     
  0.64012901614664264        3842.8289694948598     
  0.75173953924858161        3842.7460680779404     
  0.66444864983771723        3840.7407761096570     
  0.73494370360522177        3840.4588756708577     
  0.78091970225622842        3840.0121671152369     
  0.70338961756542051        3834.5265181813011     
  0.77234511572750464        3834.7290265734018     
  0.82388941132646576        3834.9592520272704     
  0.84902800114200905        3835.0844981398900     
  0.82490121543731854        3833.4926625776179     
  0.90746446510703582        3833.2018923161208     
  0.96504715801930119        3832.8273579477336     
  0.95524541379674133        3832.3918522162894     
  0.91120010124381456        3829.6708324556953     
   1.0380019347121312        3829.5083232948673     
   1.0677328865258766        3829.0538220918570     
   1.1462746668118000        3828.9342643972109     
   1.0679557355605500        3826.8927567165165     
   1.1717896634982281        3826.3629014512053     
   1.0890041083512556        3823.3635867607354     
   1.2036823870102475        3822.7496004292525     
   1.2846973895340668        3822.7470980815519     
   1.1901131625651216        3817.4778656966323     
   1.2751833212161732        3819.2093324640987     
   1.3620829572571096        3819.5066787162168     
   1.3724801159448021        3820.0266895608706     
   1.4982635474025141        3819.8132056135569     
   1.3976864617614331        3814.7909083791433     
   1.4853399193383614        3815.2292719134489     
   1.5658507324021855        3815.6011434987518     
   1.5196960264029371        3815.0802893459463     
   1.5516373691518937        3812.2972203662234     
   1.5780903065827088        3811.8573286138953     
   1.6529058148271394        3810.9379626576178     
   1.6934068912669675        3811.2601857199575     
   1.7253623642552831        3809.9993437034304     
   1.8983284261608826        3809.7530385269015     
   1.7837474100807478        3801.9579771690196     
   1.8841251161121246        3802.6756974862333     
   1.9384739181189949        3803.0882239345960     
   1.9444814195186260        3802.0271370303781     
   1.9956435459637529        3794.6519909992267     
   2.0814906645657674        3795.7263344909775     
   2.1584766359922143        3795.8006126489609     
   2.2080971634345983        3794.8454638399417     
   2.2093913647286931        3791.9670575657697     
   2.4428511927783259        3791.8310255724527     
   2.3743604225093420        3788.4475456692248     
   2.5150372471400488        3787.6512670463653     
   2.4751737236399642        3782.8024040003911     
   2.6127117543445917        3782.6048568611614     
   2.6566923028505660        3782.0939946128760     
   2.6336667194507859        3777.4690779329612     
   2.8614516209111045        3776.8503133569875     
   2.7980959018545293        3771.0354595337071     
   2.9691213376796362        3771.8947521010969     
   3.0069443855462712        3771.7106751995220     
   3.0109072909820460        3765.8536270061927     
   3.1720212627603308        3765.1436424967173     
   3.2155307688782875        3753.8637064017735     
   3.3562818907237459        3752.8211725183260     
   3.2743732041573015        3687.5495003868255     
   3.3200752308284778        3662.2985990205516     
   3.3928417598786513        3659.2602051894864     
   3.5941204361692689        3657.9717925959844     
   3.5042328093910569        3601.4368358099823     
   3.6056894151932579        3599.6590560703198     
   3.6916760944720561        3586.6906775774646     
   3.8164498808266476        3585.6561968368705     
   3.7466145129868762        3301.6903293293658     
   3.0912189781524457        1756.9245398199562     
   3.0648935803122406        1734.3308135099605     
   3.1600723051034794        1734.0061375254061     
   3.1870655432398380        1720.0517968264292     
