 -0.12087142678620187        814.90045153442156     
 -0.11769063792885583        814.43552326547024     
 -0.10435608255384193        814.64481036121185     
  -4.3266822260505981E-002   814.64053100132082     
 -0.10277489889275102        814.52469629666405     
  -3.8367333088984518E-002   814.53071434134074     
 -0.10765862145687449        814.44774341511663     
  -4.3504631893779254E-002   814.44774341511663     
  -5.2911189341744116E-002   814.45377012319341     
   3.2646315891724099E-002   814.46394771272207     
  -7.9206786852812183E-002   814.70537743911075     
  -4.8382427008123390E-002   814.54051835534608     
   4.4338638993241052E-002   814.54715697161623     
 -0.10508986279961775        814.72773446810334     
  -3.8957049932273689E-002   814.71461452636697     
 -0.10379633447678256        814.71098629382925     
  -3.4436414308835490E-002   814.71098629382925     
  -3.8523965060877650E-002   814.47833384799128     
  -8.9353848323413060E-002   814.09428660525805     
  -5.3885913456356141E-002   814.37377085968319     
   3.6319698891276037E-002   814.38570200400591     
 -0.10953996082571393        814.57987833502671     
  -8.3081204786816867E-002   814.56030066088056     
  -3.7033588238127354E-003   814.56030066088056     
  -6.0217991031901751E-002   814.55532611034050     
   3.2240242035475833E-002   814.55532611034050     
  -9.8247041942000790E-002   814.45046000632067     
  -1.9951353484961964E-002   814.45046000632067     
  -4.6101050486487910E-002   814.41609972441961     
   4.8959579783280825E-002   814.41609972441961     
  -5.6225952006280208E-002   814.44864293480737     
   3.9268271984500856E-002   814.44864293480737     
   1.9233654185762186E-002   814.42835791681432     
  -5.2232417784652728E-002   814.51209462086479     
  -1.3177569651084131E-002   814.43755656759549     
  -9.7796730913639815E-003   814.40599527457687     
  0.10688117973685159        814.40599527457687     
  -6.5585773665066682E-002   814.11927380575401     
   2.8720739687486483E-002   814.11927380575401     
  -5.1668165398587214E-002   814.16568608419618     
   4.9944942302125872E-002   814.18546937001656     
   3.4494973727438781E-002   814.33431038267997     
  -2.2753632873729304E-002   814.26077332532407     
   3.2371912930776632E-002   814.47369407029305     
  -6.7296076691523918E-002   814.30389850461597     
  -3.2358068322895311E-002   814.20653554639080     
  -1.6467991281724270E-002   814.18945553475828     
  -2.1297785261597320E-002   814.10279798050453     
   9.7093519069392620E-002   814.10279798050453     
   4.5295068608750240E-003   814.14052435900248     
   6.2297324241490128E-002   814.35367202302314     
   5.4098063334900505E-002   814.45111008090078     
  0.20251860599892571        814.45111008090078     
  -2.6963284960785108E-002   814.30506208017869     
   2.6112958253113692E-003   814.17670526164022     
   1.8591863626893620E-002   814.15102315562706     
   3.7368991159910575E-002   814.12310079693373     
   9.0623605164411591E-003   814.14102352697694     
   6.3731925387472479E-002   814.17464963820657     
   9.3475535367229370E-002   814.17708844453136     
   4.2222143725010160E-002   814.18390869188102     
  0.11383530217586528        814.16871827578473     
  -1.2181785694236728E-002   814.12514378408991     
   1.0122382748992938E-002   814.11348792474075     
  0.15566507739770594        814.11348792474075     
   5.1665410603059507E-002   814.13252941305620     
  0.11759454031332017        814.12100699210055     
   2.4119948104948812E-002   814.12606157839059     
   5.3469706036729459E-002   814.20174489804765     
   7.5899216350744356E-002   814.12611885446802     
   6.4160508958562623E-002   813.95641779280595     
  0.14248990307309406        814.11119255920983     
   4.1933796972325299E-002   814.07762545288062     
   7.9663334600238750E-002   814.19378738660214     
  0.11031235497782904        814.15360642923235     
  0.13082816328229452        814.01074609424450     
   5.5351272452231502E-002   813.72432581055727     
   7.5046741224027089E-002   813.98170228136780     
  0.15661862603852905        813.64689765631465     
  0.14498389402872938        813.84684390095390     
   8.0902568978644632E-002   813.56623869983559     
  0.10743852831288860        813.74269395906276     
  0.19216208981459418        813.67956640524301     
  0.18152324727407007        813.77340665788779     
  0.12828499713348546        813.78134286431998     
  0.14451323399461213        813.33185054204398     
  0.23789898367223936        813.69609222180577     
  0.22393793321140587        813.41976796693359     
  0.20271816507507615        813.16390984494797     
  0.22306568507776395        813.44230651500072     
  0.23492056208146045        813.63024370868698     
  0.25986483631440893        813.60336961441271     
  0.26053457552866321        813.53145937253316     
  0.34558409550093877        813.54535694628464     
  0.25882950198096033        813.28098278909033     
  0.30749364014039610        813.26612202108379     
  0.33393708029542479        813.35442022189375     
  0.36176312573112146        813.31208735946416     
  0.34554708168939846        813.27196992013569     
  0.40934593451194978        813.23713996049082     
  0.34785486799475152        813.10134567573198     
  0.42660233391178232        813.12972014602519     
  0.46745204314874494        813.10559867183053     
  0.40319037131572250        812.89711276916955     
  0.45716058469158111        812.83758614700946     
  0.50077929577025260        812.80943630290199     
  0.51420338907517349        812.84607960301878     
  0.63103404741261249        812.83573598989676     
  0.57841409858029380        812.76903041466392     
  0.53486603620214945        812.47736865828915     
  0.58045130080080420        812.45542950886852     
  0.59459881443737805        812.30766199600453     
  0.65549770120209350        812.40689755658912     
  0.60808542920451902        812.00168260164673     
  0.64965206815798815        812.15348300485095     
  0.73619062964827964        812.13709567291153     
  0.85948795067581552        812.15370171738471     
  0.72610745853479552        812.05834199877279     
  0.76212398519884894        811.98128139648281     
  0.77923158421697902        811.70264265622416     
  0.79182695291559646        811.96997301750946     
  0.89685884872732613        811.96705111380311     
  0.87697959282397331        811.60221179685209     
  0.96145124651328961        811.57496004350014     
  0.89648693743630647        811.35896791775406     
  0.99917445979320785        811.36692253956130     
  0.95924358733414072        811.26203982096433     
   1.0604987482220449        811.20446441221532     
   1.0277669257141888        811.38986288849412     
   1.0490770272547245        811.31913628046004     
   1.1535805607493417        811.32200482060750     
   1.1002866867015266        811.03967701412682     
   1.1918245654336679        810.86977386090177     
   1.1946057131481840        810.81243216494943     
   1.2379961087784310        810.91339206598400     
   1.2441663608466476        810.76545179105676     
   1.3549620645481510        810.62279403284822     
   1.3202008280854518        810.42860621834802     
   1.4451001622015716        810.37095823790821     
   1.4143217189078563        810.18766395074033     
   1.5338411156281542        810.14483019136287     
   1.5496756044192708        810.08893694834899     
   1.5361246685621919        809.77428339449523     
   1.7021461205864905        809.75340329593564     
   1.6429198369092075        809.40459033220350     
   1.7625309519294334        809.33626783683860     
   1.7166480820125234        809.30728304916647     
   1.8276391546730981        809.45796676785426     
   1.8333559268040611        809.25316906969306     
   1.9533615146610679        809.10904584807986     
   1.9425489000310365        808.80733963364173     
   2.0838456010101991        808.78269256142676     
   2.0513149707218243        808.46031367411513     
   2.2032000267567611        808.40110188062692     
   2.1804618194116694        807.97667381071244     
   2.3165923777659110        807.97685091863161     
   2.3223060723720459        807.66146655896250     
   2.3609432747477812        807.30027668346554     
   2.5127782087065271        807.31577940925467     
   2.4499086651625297        807.34111178683338     
   2.5741098575926853        807.17952454968338     
   2.6044131580106091        807.14463227996737     
   2.6846275250027745        806.78173679958877     
   2.7487872397634630        806.54007728898819     
   2.8505613811362043        806.36063632239302     
   2.9430450907813461        806.15598761011745     
   3.0090325714180439        805.70531523829231     
   3.0603633185108583        804.99203804283377     
   3.2321633215289265        805.19738722826946     
   3.2905067306521580        804.91360435483159     
   3.3800288383248240        804.65949587853981     
   3.4989544658317491        804.44730982419276     
   3.5838954584641782        804.03955755023480     
   3.6765714466753510        803.69329664995996     
   3.7834986258276482        803.42783704565170     
   3.8878430954100343        802.97677107990876     
   4.0056717395594807        802.78884896178977     
   4.0967930035203057        802.29590424680737     
   4.2198869414496674        802.30052190665504     
   4.3508436586344788        802.24006204111436     
   4.4339636361733472        801.45165586846576     
   4.5241495716542115        800.91895001154535     
   4.6529236514463506        800.61749470541929     
   4.8344996884245779        800.73354495162198     
   4.9327280893390739        800.09001660259094     
   5.0594907830749314        799.67269140645112     
   5.2055128824010932        799.24027174232413     
   5.3548294988010889        798.86476370640037     
   5.4846977801732280        798.15382255606255     
   5.6760351708514740        798.17115123606095     
   5.7965408768501732        797.38177143192320     
   5.9582580181463447        797.39190490361170     
   6.0635350105078274        797.24341482574368     
   6.1692991697210964        796.88088920943517     
   6.3596397446447384        796.46321719054197     
   6.4823113376053598        796.28149346890280     
   6.7042344388359050        795.85582610876861     
   6.8417835881482398        795.31406564045210     
   7.0924239326883454        794.77763368682201     
   7.2653549508652064        794.29988821289055     
   7.4875859441473755        793.41440002819343     
   7.6508741862144936        792.83183996895877     
   7.8685723657327795        792.24988951338798     
   8.0797279362728176        791.63051787619236     
   8.2778811939922896        790.99608025251848     
   8.4456894974021992        790.54905127144366     
   8.6680116705945487        789.89878874217254     
   8.9102231254123332        789.24544016824677     
   9.1837294781258976        788.59907088413127     
   9.4125254131601128        787.90560867205181     
   9.6235220734768507        787.17877132668355     
   9.9233909629334676        786.34079422138564     
   10.172479802828072        785.57763825877703     
   10.464690181163880        784.76027579451852     
   10.741505311964916        783.96195336329595     
   11.019515136988911        783.24968760365437     
   11.299792183128410        782.15547039483124     
   11.613392248155019        781.26845309067744     
   11.914532770649503        780.35219114533743     
   12.219557134578572        779.43691302166428     
   12.281377381820105        777.47685402247475     
   12.599047554085434        776.58529988289581     
   12.952906492920564        775.42443777751396     
   13.186114117036857        771.76274335375638     
   13.543111679573263        770.84355543393895     
   13.953880919775960        769.71237272821077     
   13.932062834655662        763.79984728065449     
   14.323277194272956        761.12394873169364     
   14.714581800968736        758.73886559246534     
   15.110867223649363        752.69380362870493     
   15.519419356079446        749.93879809185160     
   15.936451659421552        747.64968654991674     
   16.364189329756911        744.64590913300776     
   16.802906364224235        741.08066998313689     
   17.251036239778777        737.76285192621026     
   17.711162348210177        734.24104793778565     
   18.180924235951899        730.42109481018520     
   18.658542340981878        726.13171930498493     
   19.137208738678872        720.87480675666291     
   19.618520430786052        714.03790485097841     
   20.070045507316731        702.60565734578904     
   20.587060114874834        698.18178224710800     
   20.867736538122951        659.29128925610632     
   21.315654854775410        654.67371799411239     
   21.855847307461215        645.88722039781101     
   22.359644244217339        641.28676145550821     
   22.685491030688496        631.01500024355335     
   23.290622109699218        629.21518924723898     
   23.918410704336821        626.80049188077339     
   24.560151272077778        624.45279115226663     
   25.211610629229138        620.97694546895627     
   25.885156387791678        619.25721437545656     
   26.581958922218966        616.61307481829897     
   27.278448422846527        613.69528855328554     
   28.023676352192677        610.91334975909001     
   28.780153693558695        609.36735727447410     
   29.551368469466222        606.07165820778130     
   30.154103108615015        589.22530627239610     
   30.757906285144230        597.00325710449067     
   31.245194124087824        541.63610911869591     
   31.912973797481317        533.05893655436148     
   32.755808525625376        530.59848382512894     
   33.626220454676883        525.58949416300436     
