   2.2650218807692108        1314.5029561424378     
   2.3763953505165984        1316.0648183318099     
   2.4963898561742668        1319.4453243256073     
   2.4907621356745762        1326.5902343296802     
   2.6395752360610967        1326.5382888516094     
   2.6020744662229549        1305.5405627552120     
   2.7463058469876680        1305.4555803845392     
   2.7668744886041496        1302.2045699529424     
   2.9096460410925267        1299.7143921173097     
   2.9304790410223069        1291.1125619333216     
   3.1055040040046520        1289.2301988912545     
   3.0708756371126951        1264.1279348432915     
   3.2156454344895971        1261.7636882283273     
   3.2433829513818311        1252.6561182826563     
   3.4086336940739344        1250.9217183691933     
   3.4367030807037486        1245.2899538290251     
   3.5259919453300435        1240.0461134961540     
   3.6001223834185816        1232.4367346585866     
   3.8590089680012540        1231.5966076052598     
   3.8062684963854529        1225.8938890276775     
   3.9860433439370255        1224.4104555688609     
   4.0147349442877136        1219.1161161144860     
   4.0774862189922887        1206.8586203522980     
   4.2272512891651699        1207.6210293085587     
   4.3049231299187243        1202.0355803017692     
   4.3598342892706015        1197.6997087414140     
   4.4477498119719989        1190.7207013015443     
   4.6723700142798243        1192.0614809305778     
   4.8231043536779117        1192.4243101711888     
   4.8749221391146289        1188.6862487072533     
   4.9699151207165979        1185.6200834086192     
   5.0785133959927258        1195.1486499473608     
   5.1794907427915327        1180.2141237853004     
   5.3723806350256060        1181.4342655309642     
   5.4959863637077415        1189.8518742006574     
   5.6387963866900499        1177.3334214005781     
   5.7822306930547152        1192.9538286336415     
   5.9404936314892165        1190.6976398929266     
   6.0459457069980331        1187.8844227277789     
   6.2444938706275526        1185.0467880212966     
   6.3926665919702979        1198.7199575426343     
   6.5876985968920296        1195.9294487262355     
   6.6933342879215116        1192.7625520053848     
   6.9024910260035446        1171.4942360918762     
   6.9899620181090878        1144.8067144590595     
   7.1878203611504770        1140.7768417323675     
   7.3484965658121491        1138.8567306956299     
   7.5576026819306721        1135.0578706262982     
   7.7410274264944547        1131.2114402799700     
   7.8837116976728874        1125.1081848649187     
   7.9633635627601960        1087.0216347690264     
   8.0675819843191281        1049.4998044130241     
   8.3047356336391633        1041.8949788157151     
   8.5484503163487933        1035.9194296531684     
   8.7526622623905421        1033.6352101927496     
   8.9698648076811747        1028.3790644478609     
   9.2324735247721321        1013.6849437241558     
   9.4559987347221135        1006.5233568982771     
   9.6971266323571630        1002.8091296984712     
   10.011911532295299        999.31538998108522     
   10.268988187085002        996.64354810754890     
   10.442297814585530        991.20833829079822     
   10.745887371866750        987.74405624820156    
