 -0.13245927258840229        3195.1811585694436     
  -7.9905945581395563E-002   3195.1811585694436     
 -0.13794784742629593        3195.8924995993216     
  -8.7326704473088448E-002   3195.8924995993216     
 -0.11039527848888840        3196.3598911677909     
  -4.5262307323811722E-002   3196.3598911677909     
  -9.4434776990200253E-002   3195.9636948239017     
  -2.1104301830044331E-002   3195.9636948239017     
  -7.2128319006776062E-002   3196.3560521874692     
   1.0921293005082476E-002   3196.3560521874692     
 -0.11315747130298121        3196.1843174695723     
  -4.3565204380676903E-002   3196.1843174695723     
   5.3823264500102670E-002   3196.1843174695723     
 -0.12682420449233087        3195.6673342775734     
  -6.0885888641305272E-002   3195.6673342775734     
 -0.10627058343103883        3195.7226611746596     
  -3.0103297194139091E-002   3195.7226611746596     
  -8.3046421288025127E-002   3195.5806860785833     
   4.7594515960502938E-003   3195.5806860785833     
  -1.3303351418654501E-002   3195.6135407650559     
  -6.8894394225488806E-002   3195.5351619823114     
   3.0021188184826311E-002   3195.5351619823114     
   7.3817168488077923E-003   3195.6367059496993     
  0.13145356615759454        3195.6367059496993     
 -0.10301549102740305        3195.3419735742568     
  -2.0895879992519396E-002   3195.3419735742568     
  -6.7719314811552370E-002   3195.1939804840995     
   2.8820934754454863E-002   3195.1940714436710     
  -4.3129089763298323E-002   3195.2093340765005     
   6.4186238851111230E-002   3195.2085369746146     
  -3.8327018210773341E-002   3195.1445696361020     
   7.5111646085536568E-002   3195.1449376932173     
   5.3960258433738702E-002   3195.1618117059033     
  -8.6233774159162363E-002   3194.6818497103018     
   6.3839165230021692E-003   3194.6733559540767     
  -4.4835086056310980E-002   3194.1995766049818     
   6.6284987375097651E-002   3194.1995766049818     
  -4.2577731742732189E-002   3194.2190184063097     
   7.4323307525457826E-003   3194.5921538508842     
  0.13650123796845284        3194.5892042588753     
  -9.1875681273520197E-003   3194.5733964341202     
   4.1048935054804871E-002   3194.4721619107731     
   3.4087453397818761E-002   3194.5448293746190     
  0.17676788525351894        3194.5448293746190     
  -8.5574128367248287E-002   3193.6022873385814     
   1.1269002059956646E-002   3193.6022873385814     
  -6.5715164341425811E-002   3193.5812051311950     
   3.9853216564884573E-002   3193.5773097753877     
   2.4668178290504932E-002   3193.3851144222012     
   5.1069370392476578E-003   3193.6810384349374     
  0.14116598914168510        3193.6770427286247     
  -3.7626172641471766E-003   3193.5900692129289     
   4.1205015627632346E-002   3193.7486596622757     
   5.6829376793637962E-002   3193.6610949241185     
   9.8776927005081325E-002   3193.7685312765088     
  -1.9476376284594064E-002   3193.6134348498567     
   3.2286964783826727E-002   3193.5186736832402     
   2.8885846518930447E-002   3193.4934179784450     
  0.17192491078353456        3193.4934179784450     
   7.5734027523567213E-002   3193.3990009112131     
  -2.2200630970942561E-002   3192.6134439681791     
  0.10803631945900775        3192.6134439681791     
   2.8557227862102592E-002   3192.5340490605618     
  0.10392495908018054        3192.5261863536857     
  0.10280400590328458        3192.5673151379324     
  0.27819793103630935        3192.5673151379324     
  0.10251104485583359        3192.5909704731002     
  0.15808517904111727        3192.6308958592372     
   2.3608349398429457E-002   3191.2093212487771     
   2.6347611387512678E-002   3191.6162258723170     
   7.9300718041236146E-002   3191.7243598523978     
  0.10087213068905600        3191.6801372102018     
  0.27853574049908075        3191.6801372102018     
  0.13994295719806063        3191.7189513432709     
  0.18771321899576465        3191.7297034366816     
   4.9675550688192127E-002   3191.4728041323701     
  0.14516738141770477        3191.4911956081269     
  0.14037207767245155        3191.4599450299643     
  0.11313693611982831        3191.4997631035912     
  0.19229632338600411        3191.5190425598175     
   7.7218914048413870E-002   3191.5129188042383     
   9.7205972550275244E-002   3191.3097648254811     
  0.27492745265379914        3191.3097648254811     
  0.16553501717975025        3191.3485281251369     
  0.24678673885257751        3191.3576570966775     
  0.13272021273065759        3190.9593172667774     
  0.32472932447456909        3190.9593172667774     
  0.22776451349086993        3190.8708932642535     
  0.20918110721537306        3190.8110275430904     
  0.31853398601365196        3190.7845779868990     
  0.22198684433127464        3190.6976852325488     
  0.29182412658709644        3190.6365433292167     
  0.28887856919643257        3190.3671804484829     
  0.34458146572932691        3190.3358851181615     
  0.21671742080968676        3189.0366831832748     
  0.29453614557020025        3189.1262662875947     
  0.27269301527869805        3189.1942079878877     
  0.37816838445828493        3189.2013314041533     
  0.28367013074873898        3189.2538683036655     
  0.36765385492981179        3189.2489409294044     
  0.26752137578151847        3188.4962614947458     
  0.35354402555556308        3188.4748400786548     
  0.41114532751849975        3188.4393073608048     
  0.33592518894488727        3187.7982770152339     
  0.42375045631045327        3187.7987640177944     
  0.30536706832837546        3186.4248618122783     
  0.40909170091242042        3186.4044268859548     
  0.44815429915244709        3186.3500908538558     
  0.46021459607035220        3186.2913387218523     
  0.42240775464591979        3185.4660674047145     
  0.42650163435998240        3185.3059507287289     
  0.53039528896212218        3185.3568788319471     
  0.49092426472701012        3185.4209843416852     
  0.59566214801383488        3185.4200097670832     
  0.61986347628326111        3185.3645874205358     
  0.49659482201744365        3181.8234199546364     
  0.54513875907529008        3182.5265465178477     
  0.58247744763927312        3182.7349973636719     
  0.60414005357115164        3183.0304654486799     
  0.58578550470633495        3182.9359056641165     
  0.72367214853378448        3182.8771627525830     
  0.60389159458024444        3178.4409299814110     
  0.63441889361988613        3179.8456237494238     
  0.77497657620023253        3179.8765868733321     
  0.72502869574229190        3180.1360117555232     
  0.78844651795275100        3180.0805395909620     
  0.72619924753551668        3176.6310479324179     
  0.80172856813808935        3177.2359304875536     
  0.83643573420725958        3177.6057974551672     
  0.87819412792079599        3177.7778124287224     
  0.85325607626780764        3176.6641912648424     
  0.94097901005508411        3176.3987072792875     
  0.98184943164052207        3176.2402315270865     
  0.95614754605321328        3176.0229939445253     
  0.92598981347024278        3173.2328790290808     
   1.0223224902334238        3173.2023727132419     
   1.0867771141126579        3173.2568230913398     
   1.0991570807872664        3173.3571445006478     
   1.1165800727187178        3172.5687753591360     
   1.0886895327784014        3169.3736967990999     
   1.1889466733587253        3169.2463747336556     
   1.2403876975308625        3169.6438183163441     
   1.2118398847191076        3168.3304050808874     
   1.3439824508905074        3168.6399670869851     
   1.3327698552515497        3168.9562475461753     
   1.4472763242484155        3168.8753824028140     
   1.3377723928714926        3164.5364381794993     
   1.4282139970770027        3165.0359639641206     
   1.4822490378146262        3165.2783194557510     
   1.4918488098926510        3164.4099551000027     
   1.6300452268388290        3164.1041214080187     
   1.5511044295109893        3161.4599742410496     
   1.6813415332181796        3160.9651427689892     
   1.6260943334323652        3158.5156940373399     
   1.7762699233282604        3158.3015935564472     
   1.7533655971141529        3154.0676566330058     
   1.7709373818729433        3153.8312537200013     
   1.7879705019445082        3151.5731927716665     
   1.9637842474199010        3151.4008828884407     
   1.9835125513256930        3151.0367483332234     
   2.1088047001491934        3150.5636049425511     
   2.0349539463046811        3146.4815305796360     
   2.1608809943705158        3145.9775324000902     
   2.2367801414323369        3145.9823338455094     
   2.1798849162090512        3136.3945590913395     
   2.3031536473819108        3136.5275753836941     
   2.2767798783229241        3131.8779305741004     
   2.4133132301256603        3132.5592449847923     
   2.5901928284025026        3132.6291972678623     
   2.4903379275707893        3127.4924631876675     
   2.6598418106227713        3127.9325105188359     
   2.7205968620723504        3128.0907584789197     
   2.7080066762260846        3123.4405067329749     
   2.8608158287623073        3123.1026286212459     
   2.8432162839063175        3119.8674734426304     
   3.0175914581794436        3119.4444140362784     
   2.9828440055284555        3114.0487667201405     
   3.1460243950233755        3114.8587224035682     
   3.1931873296810345        3107.3893893925770     
   3.1830205469434301        3102.6829312705863     
   3.3236351748077313        3103.4315575079595     
   3.3302620551412212        3092.0287198757628     
   3.4336035428083265        3091.7026498188070     
   3.6086348473938057        3090.6449721797057     
   3.8319058643956994        3090.4417373527663     
   3.7078860086292926        3083.8153118651448     
   3.8718313533888082        3084.1148778453858     
   3.8829311791590970        3079.3545877576626     
   3.9132320588006033        3063.3466693783107     
   3.1991361358047459        1563.1379977873517     
   3.1702047344705671        1559.5714177865002     
   3.2216780972702121        1559.1185979912432     
   3.4091588999019735        1558.4103347534422     
   3.4002592048144784        1552.3833561786769     
   3.5625705032264539        1551.3498422575831     
   3.6259275623721265        1549.2264593950783     
   3.6676107432610556        1543.6437510085591     
   3.8723240714737699        1542.5748066726812     
   3.8905915557396109        1536.1228492971265     
   4.1016117039015496        1535.1527912143022     
   4.1411625840118100        1531.4994668140037     
   4.1842610458775225        1525.2715354582217     
   4.2731705454149482        1517.3764859708292     
   4.5056481434930182        1516.9202173800365     
   4.5539519137761726        1508.8136414037583     
   4.6538620167018037        1508.1740544845991     
   4.7268649436260279        1501.3956713067614     
   4.8874136172606901        1494.3882173091984     
   4.9515708684670514        1492.9185100928373     
   5.0856554006017447        1484.7616661382137     
   5.2935195606833441        1484.3312947705972     
   5.3749949654062092        1473.5647519327415     
   5.4891730734268060        1473.6082452953588     
   5.6386085288899839        1471.6285968393659     
   5.7708902984530228        1466.6003939009372     
   6.0334510472860190        1461.0512468445847     
   6.0641508122635503        1459.8197082501586     
   6.1595846356609014        1453.7951769647154     
   6.3326214802843896        1446.0597846960045     
   6.4571430424070080        1444.9000248736108     
   6.5109895981840342        1439.9181529553748     
   6.7065814674064441        1440.5921706046163     
   6.6773323200357835        1444.6503068090233     
   6.7979648873595009        1440.6661555043324     
   6.9041432695784364        1435.7849385376351     
   7.0320423276586297        1433.1820677545124     
   7.2105295183272560        1431.8588844719573     
   7.3093132227227917        1428.9988509337393     
   7.4492324968485404        1428.1132142756567     
   7.6755921035658696        1424.8352454772369     
   7.8819242960989433        1421.3900699897197     
   8.0733729200579134        1418.0865663334484    
