   4.1950675182176624        1089.0510505317577     
   4.2855502970026915        1094.3511301094109     
   4.4011088807061229        1096.4657332805091     
   4.5163922479392049        1095.9676667629699     
   4.6611652802979187        1093.6421294823210     
   4.7692724459065339        1088.4184254610773     
   4.8630762713373947        1079.5034343649272     
   5.0005831958124336        1070.2934270087335     
   5.1309297824548317        1061.3600273151526     
   5.3883355811924014        1059.5185083517806     
   5.4194494369343662        1049.5662974267898     
   5.5484513370145763        1043.1602150515305     
   5.6989674099063725        1036.5215034255898     
   5.8832994769813176        1022.6143990327784     
   6.0170653730343586        1014.6985887142322     
   6.2030018460398413        1014.9701193524855     
   6.3458444933741998        1013.0664211356868     
   6.5066584861352537        1009.0464772315412     
   6.6785549983578205        1006.5883230711321     
   6.8931435617289356        1003.3431325892302     
   7.0357943891897321        1000.0304402845040     
   7.2341931133347526        998.25570572321874     
   7.4264271751505797        994.99401931165596     
   7.6046039424449132        992.12291122511817     
   7.8194651803586490        990.22649411714269     
   8.0295157463233444        986.36498851456520     
   8.2649085097791612        984.27542471118772     
   8.4764629773177766        985.79572750206046     
   8.6770964909227821        983.39229456118005     
   8.9313799221215469        981.62277101714722     
   9.0676651664000421        969.35003384504250     
   9.3357441293099868        966.08873534243901     
   9.6110214128683680        963.89155125830257     
   9.8046537370903035        959.92316772984418     
   10.065844393451702        957.17538418286779     
   10.329447588129645        954.38602747589925     
   10.646479896074451        952.44742227906374     
   10.867842413925977        948.82220078122793     
   11.127271840125488        946.20079930597649     
   11.390199537137427        943.18043462361788     
   11.691294073234868        941.82673480126232     
   11.896841710968351        939.10325235560617     
   12.209392345338767        930.75766760186104     
   12.542759194743796        927.81399571507802     
   12.868866659373072        924.98424874724458     
   13.215945632421171        922.98656480201271     
   13.546906560386937        920.07614537390498     
   13.905323942963475        924.72867812367201     
   14.258537547220042        923.40310613372401     
   14.636379641956839        918.99396548506490 
