 -0.14012098006177659        2969.9333644589842     
  -9.1240808803525031E-002   2969.9333644589842     
  -2.2916145838766725E-002   2969.9333644589842     
 -0.10405775969944399        2969.4879055331012     
  -3.7656512823812133E-002   2969.4879055331012     
 -0.10289682788163637        2969.5813816522677     
  -3.1568437652580036E-002   2969.5813816522677     
 -0.12208445389295579        2969.9340230622756     
  -5.9202271432122089E-002   2969.9224756773397     
  -4.9947887454276023E-002   2969.1075588916578     
   4.3971937041045031E-002   2969.1075588916578     
  -4.3492650492026295E-002   2969.7035228411260     
   5.4335611022915960E-002   2969.7035228411260     
 -0.13027876209957132        2968.8368696418461     
  -6.7975318598502310E-002   2968.8368696418461     
  -6.6998941287885791E-002   2969.8567366197731     
   1.7863393409324975E-002   2969.8358105703819     
  -7.4059928513606252E-002   2969.3973503131042     
   1.3434522418266030E-002   2969.3973503131042     
  -8.4969477012791741E-002   2969.3910659124404     
  -9.9834574274721300E-004   2969.3843548407176     
  -6.4605585466467408E-004   2969.3073404656461     
  -3.9462731649284002E-002   2969.3119373596887     
   6.9987015690411658E-002   2969.3119373596887     
 -0.10431016424570344        2969.1581423814846     
  -2.5621713924200672E-002   2969.1581423814846     
  -6.6241998223483381E-002   2968.9655488888684     
   3.1159164220818412E-002   2968.9746764956512     
  -3.7779512520059622E-002   2969.0532599474723     
   7.4586153994748425E-002   2969.0532599474723     
  -7.7428334867606641E-002   2968.6512668824248     
  -2.5657035379178860E-002   2968.9004201330567     
  -2.2499608037755383E-002   2968.7641490501815     
   9.5243745328517218E-002   2968.7641490501815     
  -3.1945161710478044E-002   2968.8797312142224     
   8.7277237088121726E-002   2968.8797312142224     
   2.0752108447664539E-003   2968.8400756978695     
  -8.1892119899617671E-002   2968.4885715771857     
  -5.7439055832632369E-004   2968.4611612227341     
  -3.0164870879962301E-003   2968.4102266405248     
  0.12143288181185874        2968.4102266405248     
  -7.1358867780194804E-002   2967.5534294411750     
  -4.8112293702574332E-002   2967.7891923746301     
   6.2950199875378657E-002   2967.7891923746301     
  -2.4755413228731621E-002   2967.7383992533159     
   9.6710925279001922E-002   2967.7383992533159     
  -2.4561997345079987E-002   2967.7604323799223     
   9.4641779264205084E-002   2967.7604323799223     
   8.5915990531695019E-002   2967.7632106175274     
  -7.7898919688775192E-003   2967.8248784397097     
   3.2191925880566713E-002   2967.7789446405777     
  0.16780137270633061        2967.7969586575332     
  0.12716871567166593        2967.8329092176277     
  -4.9764081974328828E-002   2968.1090542820498     
  -1.6330390727632368E-002   2966.1000825465576     
  0.11016446801992742        2966.1224932689197     
  -1.8541823618981216E-002   2966.3477060231562     
  0.11368495680305311        2966.3622589175102     
   9.9669589262211075E-002   2967.5284570033032     
  -3.8242586788193589E-002   2967.7912732488726     
   4.8413934944197363E-003   2966.0606559214289     
  0.14656486061087154        2966.0606559214289     
   2.8007049051916262E-002   2966.2256220338631     
   9.8807604402920191E-002   2967.0736227513025     
   8.7082650004831466E-002   2966.4944624894929     
   3.8829319366699505E-002   2967.2767823879544     
   7.6945387071714222E-002   2966.4661287306867     
  0.12262660570959064        2967.0408063588147     
   4.8995360913458253E-003   2967.0784400861662     
   4.1557054908294422E-002   2965.9244011417559     
   9.1364512294517197E-002   2966.7214214963733     
  0.10986894132125777        2965.9260928966373     
  0.29896531267034143        2965.9260928966373     
   1.4753206613046670E-002   2964.9902251841440     
   6.7633370782851657E-002   2964.5480834376071     
   8.4428914753992806E-002   2964.8215883630555     
  0.10430706365665401        2964.4582744987110     
   8.7400124955182359E-002   2964.6185549266738     
  0.18155711841614816        2964.6974561610223     
   9.5522500045720354E-002   2964.6116898740065     
  0.15605507329649257        2964.6851940251036     
  0.18175437515403969        2964.5644382325759     
  0.16365223034337414        2964.4519207315170     
  0.25722496876727385        2964.4114289028089     
  0.18775781825515703        2964.3380436760972     
  0.28503877112929443        2964.3105069985118     
  0.14715055371350166        2963.1288214600254     
  0.19569487642003222        2962.9836972813182     
  0.19224922667419997        2962.7350299582959     
  0.29576169257042528        2962.7296268068694     
  0.24892657378374006        2962.6267106246623     
  0.35441501393610364        2962.6282937138139     
  0.17430328624321240        2960.9821407638551     
  0.24681405653376412        2960.9961640258980     
  0.24663727789625639        2961.0438965423177     
  0.27555814877776913        2961.0391722281684     
  0.27292691498007710        2961.0506414470624     
  0.36283942487671195        2961.0128894637137     
  0.25800007197731323        2960.1289200409519     
  0.31958620412482602        2960.3260442045635     
  0.30854084278308563        2960.3294257596040     
  0.41581231171602862        2960.2811885679976     
  0.31568823389836992        2960.3221081364591     
  0.39727592533943001        2960.2955135308403     
  0.44244499774522666        2960.2508130413121     
  0.33976823149171337        2959.4355594219564     
  0.41785189429459063        2959.3404747271043     
  0.43553560213294057        2959.1595824231108     
  0.55347187876825854        2959.1521589477106     
  0.38762713290012374        2957.7710996518222     
  0.47747795384733699        2957.6821028767063     
  0.49420354523925319        2957.6594404443022     
  0.60577315575730872        2957.7065411903241     
  0.52693843285932629        2957.7582818149208     
  0.59937979414472908        2957.7389118623414     
  0.49827980151881329        2956.5442849165202     
  0.54770393656395044        2956.3024681926872     
  0.60930365076172910        2956.2460197725291     
  0.55004105626383148        2955.4987243701526     
  0.60568723535341806        2955.2158617915511     
  0.67023187164949127        2955.2371215356538     
  0.67979697950340767        2955.3139808718329     
  0.80458681578923208        2955.3069446239983     
  0.64324489538306584        2953.0055192307041     
  0.68655714707088666        2953.4803732428186     
  0.72683902403736067        2953.7304309557499     
  0.77628797014694972        2953.8203250969596     
  0.94726818084735120        2953.7972917631673     
  0.77071514067920133        2951.6821536591474     
  0.85107953024223593        2951.8223411277240     
  0.87755480928514373        2952.1310539938381     
  0.95865328384648441        2952.2049128094891     
  0.94727907574985770        2952.0652482209034     
   1.1220426172176352        2952.0427298123232     
  0.96187342207313331        2949.9604252047698     
   1.0119388547753549        2950.1519440193888     
   1.0003381596886920        2949.1731893066012     
   1.0955607007530861        2948.9694688595810     
   1.1419359462589236        2948.8971161238323     
   1.1576281746624961        2948.7560343875953     
   1.3155879845513985        2948.6744874315764     
   1.1977517057031877        2946.8003691566578     
   1.3062485475406969        2946.3937853491984     
   1.3468112623525348        2946.2196902928972     
   1.2995828135922514        2944.1196235063967     
   1.4066729150525747        2943.8879910806413     
   1.4573156159511893        2943.9397671013762     
   1.4024589224146475        2939.9604930395826     
   1.4799035539154861        2941.0930059920011     
   1.5967759784809212        2941.2112182062301     
   1.5011738250748223        2937.5414024795582     
   1.5989826854322176        2938.4334322655686     
   1.7226755745522591        2938.6487099809124     
   1.6689965258386721        2937.9936975455335     
   1.7838316389662270        2937.4522400038222     
   1.7511853388359024        2936.3383459306010     
   1.7373251368682645        2934.5007341149803     
   1.8581249807407536        2935.2434878811255     
   1.9295988912052924        2935.4527001927431     
   1.9216476331552852        2932.8914646638868     
   2.0566724637385319        2933.0136834472441     
   2.1017038827381156        2933.3492156422894     
   2.0728642664205466        2929.7375857978118     
   2.2304168721747040        2929.9255414620288     
   2.2174164164007748        2930.7135290742058     
   2.1718937777592173        2926.9324401047515     
   2.3437481486246057        2927.6004799821076     
   2.4327556498231688        2927.5783463926396     
   2.3931885336776624        2923.7777317822893     
   2.5075075627600207        2924.8240465244935     
   2.5833863683086755        2922.7002280075849     
   2.6939956163446217        2922.6822404150917     
   2.6848551277886954        2919.8583520805919     
   2.8412965875015308        2919.6727300711318     
   2.8142600939667815        2914.9736598300815     
   2.9489367093125818        2916.0759373245082     
   3.0928305242519532        2913.7051991481580     
   3.0418324898493010        2910.1889039797820     
   3.2222082665935630        2910.1630921482533     
   3.2001725770204761        2907.2579081693043     
   3.3936432932497835        2907.0735599924374     
   3.3175486307796107        2899.6900690075299     
   3.4369809053516360        2897.2937819310669     
   3.5701566785586829        2897.5956310744073     
   3.5708970914273852        2881.1566486902598     
   3.7059467370691777        2880.9624520933835     
   3.7611636095604597        2878.2324448014820     
   3.8278676301828720        2874.6327280773780     
   3.9234657094641521        2847.7740121172478     
   4.0714206728872187        2847.0420881466075     
   4.1252780871418855        2842.8625048791127     
   4.3302637760792235        2842.3058619361127     
   4.3397788364072793        2837.1653888560950     
   4.4268113323331697        2803.5546293406101     
   4.3747427824974876        2638.1537237378575  
