   4.0680002097598251     
   4.7621160836698602     
   5.4802092618121474     
   6.2139732316071390     
   6.9584519344055096     
   7.7105431671810569     
   8.4682183654037715     
   9.2301022563963304     
   9.9952324479323149     
   10.762917570576764     
   11.532646190136427     
   12.304035290930814     
   13.076791451590660     
   13.850686206622337     
   14.625536634307092     
   15.401200876985484     
   16.177560968814397     
   16.954521342528530     
   4.7621160836698602     
   5.4240004041163097     
   6.1145433315565745     
   6.8250512313246832     
   7.5498893678637753     
   8.2852973932697651     
   9.0286934981408198     
   9.7782559314820112     
   10.532667656918315     
   11.290957322792188     
   12.052392495609357     
   12.816412464305397     
   13.582582696470865     
   14.350556760769019     
   15.120059901312096     
   15.890871118799074     
   16.662808238130463     
   17.435721935454215     
   5.4802092618121474     
   6.1145433315565745     
   6.7800009717824246     
   7.4682667104790266     
   8.1735807533634333     
   8.8918874646141433     
   9.6202772689740890     
   10.356622301551651     
   11.099339729515169     
   11.847230482332733     
   12.599374725075757     
   13.355051970158129     
   14.113696280180605     
   14.874853710632973     
   15.638156924839205     
   16.403305781856695     
   17.170053897329570     
   17.938195204342012     
   6.2139732316071390     
   6.8250512313246832     
   7.4682667104790266     
   8.1360004195196503     
   8.8226885517194127     
   9.5242321673397203     
   10.237576100367765     
   10.960418523624295     
   11.690996669035938     
   12.427946463214278     
   13.170198000759420     
   13.916903868811019     
   14.667384643842277     
   15.421086334362114     
   16.177560968814397     
   16.936436730807543     
   17.697403026729294     
   18.460204512792661     
   6.9584519344055096     
   7.5498893678637753     
   8.1735807533634333     
   8.8226885517194127     
   9.4920006138761348     
   10.177531486222561     
   10.876214056837716     
   11.585670343377808     
   12.304035290930814     
   13.029836566315586     
   13.761898244197281     
   14.499271371496164     
   15.241183943897168     
   15.987005814744670     
   16.736212857317998     
   17.488372032446225     
   18.243116003453324     
   19.000137163204087     
   7.7105431671810569     
   8.2852973932697651     
   8.8918874646141433     
   9.5242321673397203     
   10.177531486222561     
   10.848000808232619     
   11.532646190136427     
   12.229086663113149     
   12.935416108191452     
   13.650102462649366     
   14.371895139226032     
   15.099778735727551     
   15.832911065628398     
   16.570594786539530     
   17.312250521915018     
   18.057386996281640     
   18.805592075807755     
   19.556511862964022     
   8.4682183654037715     
   9.0286934981408198     
   9.6202772689740890     
   10.237576100367765     
   10.876214056837716     
   11.532646190136427     
   12.204001002589104     
   12.887947548865348     
   13.582582696470865     
   14.286347504390321     
   14.997957787496141     
   15.716347373484734     
   16.440627785436444     
   17.170053897329570     
   17.903995562508495     
   18.641919694821414     
   19.383372349758126     
   20.127963792064790     
   9.2301022563963304     
   9.7782559314820112     
   10.356622301551651     
   10.960418523624295     
   11.585670343377808     
   12.229086663113149     
   12.887947548865348     
   13.560001943564849     
   14.243381059203330     
   14.936533420958053     
   15.638156924839205     
   16.347161506726867     
   17.062627331692450     
   17.783774929228287     
   18.509939808192783     
   19.240554537948178     
   19.975129336259766     
   20.713244603103302     
   9.9952324479323149     
   10.532667656918315     
   11.099339729515169     
   11.690996669035938     
   12.304035290930814     
   12.935416108191452     
   13.582582696470865     
   14.243381059203330     
   14.916001391302075     
   15.598913123283657     
   16.290824603827900     
   16.990632329668205     
   17.697403026729294     
   18.410333332687177     
   19.128736357822458     
   19.852014806726952     
   20.579656498588161     
   21.311214955088470     
   10.762917570576764     
   11.290957322792188     
   11.847230482332733     
   12.427946463214278     
   13.029836566315586     
   13.650102462649366     
   14.286347504390321     
   14.936533420958053     
   15.598913123283657     
   16.272000839039301     
   16.954521342528530     
   17.645377103438825     
   18.343630367979355     
   19.048464334679441     
   19.759175688195960     
   20.475152200735529     
   21.195862279384880     
   21.920837047248590     
   11.532646190136427     
   12.052392495609357     
   12.599374725075757     
   13.170198000759420     
   13.761898244197281     
   14.371895139226032     
   14.997957787496141     
   15.638156924839205     
   16.290824603827900     
   16.954521342528530     
   17.628001780015044     
   18.310186304837174     
   19.000137163204087     
   19.697039046883624     
   20.400179681101537     
   21.108934892156288     
   21.822756661510869     
   22.541165659600228     
   12.304035290930814     
   12.816412464305397     
   13.355051970158129     
   13.916903868811019     
   14.499271371496164     
   15.099778735727551     
   15.716347373484734     
   16.347161506726867     
   16.990632329668205     
   17.645377103438825     
   18.310186304837174     
   18.984001227752270     
   19.665897557539957     
   20.355062972445122     
   21.050782211216472     
   21.752428113675432     
   22.459445195092393     
   23.171340686755617     
   13.076791451590660     
   13.582582696470865     
   14.113696280180605     
   14.667384643842277     
   15.241183943897168     
   15.832911065628398     
   16.440627785436444     
   17.062627331692450     
   17.697403026729294     
   18.343630367979355     
   19.000137163204087     
   19.665897557539957     
   20.340002168728013     
   21.021646141205750     
   21.710121679914472     
   22.404798638198560     
   23.105117051612851     
   23.810579671730039     
   13.850686206622337     
   14.350556760769019     
   14.874853710632973     
   15.421086334362114     
   15.987005814744670     
   16.570594786539530     
   17.170053897329570     
   17.783774929228287     
   18.410333332687177     
   19.048464334679441     
   19.697039046883624     
   20.355062972445122     
   21.021646141205750     
   21.696001616465239     
   22.377426082880469     
   23.065292380272854     
   23.759042037435755     
   24.458173326226298     
   14.625536634307092     
   15.120059901312096     
   15.638156924839205     
   16.177560968814397     
   16.736212857317998     
   17.312250521915018     
   17.903995562508495     
   18.509939808192783     
   19.128736357822458     
   19.759175688195960     
   20.400179681101537     
   21.050782211216472     
   21.710121679914472     
   22.377426082880469     
   23.052002557440986     
   23.733229916371517     
   24.420554168180985     
   25.113473584726520     
   15.401200876985484     
   15.890871118799074     
   16.403305781856695     
   16.936436730807543     
   17.488372032446225     
   18.057386996281640     
   18.641919694821414     
   19.240554537948178     
   19.852014806726952     
   20.475152200735529     
   21.108934892156288     
   21.752428113675432     
   22.404798638198560     
   23.065292380272854     
   23.733229916371517     
   24.408002005178208     
   25.089056148440370     
   25.775895097730697     
   16.177560968814397     
   16.662808238130463     
   17.170053897329570     
   17.697403026729294     
   18.243116003453324     
   18.805592075807755     
   19.383372349758126     
   19.975129336259766     
   20.579656498588161     
   21.195862279384880     
   21.822756661510869     
   22.459445195092393     
   23.105117051612851     
   23.759042037435755     
   24.420554168180985     
   25.089056148440370     
   25.764002946153955     
   26.444898806132951     
   16.954521342528530     
   17.435721935454215     
   17.938195204342012     
   18.460204512792661     
   19.000137163204087     
   19.556511862964022     
   20.127963792064790     
   20.713244603103302     
   21.311214955088470     
   21.920837047248590     
   22.541165659600228     
   23.171340686755617     
   23.810579671730039     
   24.458173326226298     
   25.113473584726520     
   25.775895097730697     
   26.444898806132951     
   27.120003887129698     
