   2.9070257701844568E-007   2.4264369669417050E-010   4.9999999999154922E-002   5.8140535657003056E-006   8.3468004595488310E-004
   3.2787676218501808E-008   1.7483655435756691E-015   4.9999999999989247E-002   6.5575352437008405E-007   5.3323862658771759E-008
   9.6550247684174174E-007   7.7622515766440112E-014   4.9999999990678057E-002   1.9310049538034946E-005   8.0395977875014069E-008
   1.9359322318161049E-006   2.0805093842936472E-013   4.9999999962521663E-002   3.8718644645996392E-005   1.0746808953854270E-007
   3.2314790564909925E-006   4.3476384244058042E-013   4.9999999895575437E-002   6.4629581174813211E-005   1.3454020120207133E-007
   4.8275156511892814E-006   7.7622568296860186E-013   4.9999999766950930E-002   9.6550313173793256E-005   1.6079195575002814E-007
   6.7683736936231541E-006   1.2715342599511669E-012   4.9999999541891174E-002   1.3536747428588569E-004   1.8786407451898413E-007
   9.0343513383680127E-006   1.9418089571088031E-012   4.9999999183804954E-002   1.8068702775053680E-004   2.1493617907708540E-007
   5.7781458052508298E-007   1.3983592310350246E-013   4.9999999996661305E-002   1.1556291610759217E-005   2.4200829784604139E-007
   2.2581933073122983E-006   6.0763556383794968E-013   4.9999999949005634E-002   4.5163866161601618E-005   2.6908040240414266E-007
   4.2636875098817408E-006   1.2627018661364091E-012   4.9999999818209691E-002   8.5273750300984830E-005   2.9615253538395336E-007
   6.5775660724649331E-006   2.1206354256005173E-012   4.9999999567356249E-002   1.3155132182873785E-004   3.2240427572105546E-007
   9.2283712932760442E-006   3.2250977954463239E-012   4.9999999148371631E-002   1.8456742691341788E-004   3.4947638027915673E-007
   1.2204299006730454E-005   4.5955106463524627E-012   4.9999998510550842E-002   2.4408598255831748E-004   3.7654851325896743E-007
   1.5505339003314937E-005   6.2582745079814071E-012   4.9999997595844566E-002   3.1010678503662348E-004   4.0362061781706871E-007
   1.9131502892120135E-005   8.2397990637361669E-012   4.9999996339855836E-002   3.8263006717897952E-004   4.3069272237516998E-007
   2.1859068503855683E-006   1.0006313331862811E-012   4.9999999952218113E-002   4.3718137021642178E-005   4.5776485535498068E-007
   5.2176281220340371E-006   2.5254186012143871E-012   4.9999999727763568E-002   1.0435256263008341E-004   4.8401659569208277E-007
   8.5783809060795642E-006   4.3843137913518316E-012   4.9999999264113804E-002   1.7156761896330863E-004   5.1108872867189348E-007
   1.2264250712888445E-005   6.6001390340192701E-012   4.9999998495881520E-002   2.4528501671738923E-004   5.3816080480828532E-007
   1.6275244419370379E-005   9.1993042163810149E-012   4.9999997351164123E-002   3.2550489413551986E-004   5.6523293778809602E-007
   2.0611352518384695E-005   1.2208208612025547E-011   4.9999995751721295E-002   4.1222706204280257E-004   5.9230507076790673E-007
   2.5272580766610877E-005   1.5653258970133897E-011   4.9999993612966205E-002   5.0545163685455918E-004   6.1937714690429857E-007
   7.4769423005744947E-007   4.8273301499962210E-013   4.9999999994409537E-002   1.4953884601709433E-005   6.4562891566311009E-007
   4.8184003315316097E-006   3.2413429558032000E-012   4.9999999767830185E-002   9.6368006779812276E-005   6.7270104864292080E-007
   9.2142181007639388E-006   6.4478621927707383E-012   4.9999999150981841E-002   1.8428436305839568E-004   6.9977312477931264E-007
   1.3935161224835885E-005   1.0128705852382564E-011   4.9999998058112782E-002   2.7870322810485959E-004   7.2684525775912334E-007
   1.8981215088127813E-005   1.4310268152298517E-011   4.9999996397134615E-002   3.7962431088089943E-004   7.5391739073893405E-007
   2.4326815532476668E-005   1.8979029844413509E-011   4.9999994082060115E-002   4.8653632984496653E-004   7.8016910265432671E-007
   3.0018180784525262E-005   2.4231913347994356E-011   4.9999990989087417E-002   6.0036365175619721E-004   8.0724123563413741E-007
   3.6034671729952343E-005   3.0064208357921319E-011   4.9999987015022646E-002   7.2069349698722363E-004   8.3431336861394811E-007
   3.0541963477939340E-006   2.6308402793999929E-012   4.9999999906718849E-002   6.1083926993887872E-005   8.6138544475033996E-007
   8.4850893065021985E-006   7.5386418920809316E-012   4.9999999280032598E-002   1.6970178694464266E-004   8.8845757773015066E-007
   1.4241089036918304E-005   1.3038140126168259E-011   4.9999997971913790E-002   2.8482178458943963E-004   9.1552971070996136E-007
   2.0304532687429795E-005   1.9122431680116286E-011   4.9999995877259354E-002   4.0609066491015255E-004   9.4178142262535403E-007
   2.6705845269908059E-005   2.5874053145199886E-011   4.9999992867977780E-002   5.3411693079397082E-004   9.6885355560516473E-007
   3.3432274777524906E-005   3.3296061278779614E-011   4.9999988822828786E-002   6.6864554537460208E-004   9.9592568858497543E-007
   4.0483831195547549E-005   4.1414871121656118E-011   4.9999983610591436E-002   8.0967671237885952E-004   1.0229978215647861E-006
   4.7860496819305909E-005   5.0256864278440318E-011   4.9999977093723197E-002   9.5721008256077766E-004   1.0500698408577591E-006
   6.3909763238022868E-006   6.8839888521722330E-012   4.9999999591554219E-002   1.2781952682416886E-004   1.0771419738375698E-006
   1.3172249448382713E-005   1.4534177617270021E-011   4.9999998264918417E-002   2.6344499201513827E-004   1.1033937425963813E-006
   2.0283521178758305E-005   2.2929828529123010E-011   4.9999995885787518E-002   4.0567043470218778E-004   1.1304658755761920E-006
   2.7719895332384360E-005   3.2086832440443357E-011   4.9999992316073438E-002   5.5439793504774570E-004   1.1575380085560028E-006
   3.5481402233680460E-005   4.2031628921949001E-011   4.9999987410699373E-002   7.0962810423225164E-004   1.1846101415358135E-006
   4.3568015405998302E-005   5.2790592003297612E-011   4.9999981018276740E-002   8.7136041838675737E-004   1.2116822745156242E-006
   5.1979757795659127E-005   6.4390148160536581E-011   4.9999972981040502E-002   1.0395953431725502E-003   1.2387542938085971E-006
   2.9299870203919063E-006   3.7064513440415565E-012   4.9999999914151765E-002   5.8599740441422909E-005   1.2650060625674087E-006
   1.0751207363589965E-005   1.3891400610309032E-011   4.9999998844115393E-002   2.1502414892893285E-004   1.2920781955472194E-006
   1.8897531395216471E-005   2.4928684748364131E-011   4.9999996428832946E-002   3.7795063690282404E-004   1.3191503285270301E-006
   2.7368987591425457E-005   3.6844745844301220E-011   4.9999992509384625E-002   5.4737977916374803E-004   1.3462224615068408E-006
   2.9070245471538855E-007   3.6053235132818501E-010   4.9999999999154922E-002   5.8140535657003056E-006   1.2402102584019303E-003
   3.2787676218501755E-008   2.5978108721443919E-015   4.9999999999989247E-002   6.5575352437008405E-007   7.9231320171402331E-008
   9.6550247684173814E-007   1.1533550698792063E-013   4.9999999990678057E-002   1.9310049538034946E-005   1.1945645894684276E-007
   1.9359322318160914E-006   3.0913273810283572E-013   4.9999999962521663E-002   3.8718644645996392E-005   1.5968159061685583E-007
   3.2314790564909574E-006   6.4599438632177953E-013   4.9999999895575437E-002   6.4629581174813211E-005   1.9990672228686890E-007
   4.8275156511892052E-006   1.1533558504030703E-012   4.9999999766950930E-002   9.6550313173793256E-005   2.3891291789368552E-007
   6.7683736936230101E-006   1.8893106315562227E-012   4.9999999541891174E-002   1.3536747428588569E-004   2.7913804956369859E-007
   9.0343513383677603E-006   2.8852391838042663E-012   4.9999999183804954E-002   1.8068702775053680E-004   3.1936318123371166E-007
   5.7781458052506254E-007   2.0777537018218962E-013   4.9999999996661305E-002   1.1556291610759217E-005   3.5958831290372473E-007
   2.2581933073121996E-006   9.0285604470989987E-013   4.9999999949005634E-002   4.5163866161601618E-005   3.9981344457373780E-007
   4.2636875098815155E-006   1.8761869813966464E-012   4.9999999818209691E-002   8.5273750300984830E-005   4.4003857624375087E-007
   6.5775660724645197E-006   3.1509483580975326E-012   4.9999999567356249E-002   1.3155132182873785E-004   4.7904472921800334E-007
   9.2283712932753649E-006   4.7920150776824938E-012   4.9999999148371631E-002   1.8456742691341788E-004   5.1926986088801641E-007
   1.2204299006729409E-005   6.8282441819467500E-012   4.9999998510550842E-002   2.4408598255831748E-004   5.5949499255802948E-007
   1.5505339003313412E-005   9.2988638332661471E-012   4.9999997595844566E-002   3.1010678503662348E-004   5.9972012422804255E-007
   1.9131502892117990E-005   1.2243114514012508E-011   4.9999996339855836E-002   3.8263006717897952E-004   6.3994525589805562E-007
   2.1859068503852918E-006   1.4867891096144895E-012   4.9999999952218113E-002   4.3718137021642178E-005   6.8017038756806869E-007
   5.2176281220332985E-006   3.7523961875226132E-012   4.9999999727763568E-002   1.0435256263008341E-004   7.1917662580744945E-007
   8.5783809060782107E-006   6.5144375363881530E-012   4.9999999264113804E-002   1.7156761896330863E-004   7.5940175747746252E-007
   1.2264250712886298E-005   9.8068246452720718E-012   4.9999998495881520E-002   2.4528501671738923E-004   7.9962688914747559E-007
   1.6275244419367239E-005   1.3668796914907344E-011   4.9999997351164123E-002   3.2550489413551986E-004   8.3985202081748866E-007
   2.0611352518380328E-005   1.8139580433296939E-011   4.9999995751721295E-002   4.1222706204280257E-004   8.8007715248750173E-007
   2.5272580766605025E-005   2.3258413806068447E-011   4.9999993612966205E-002   5.0545163685455918E-004   9.2030228415751480E-007
   7.4769423005726121E-007   7.1726936203814319E-013   4.9999999994409537E-002   1.4953884601709433E-005   9.5930840871005785E-007
   4.8184003315302934E-006   4.8161527423445846E-012   4.9999999767830185E-002   9.6368006779812276E-005   9.9953354038007092E-007
   9.2142181007612148E-006   9.5805631764307788E-012   4.9999999150981841E-002   1.8428436305839568E-004   1.0397586720500840E-006
   1.3935161224831440E-005   1.5049748425052117E-011   4.9999998058112782E-002   2.7870322810485959E-004   1.0799838037200971E-006
   1.8981215088121298E-005   2.1262926746283950E-011   4.9999996397134615E-002   3.7962431088089943E-004   1.1202089353901101E-006
   2.4326815532467726E-005   2.8200012308515438E-011   4.9999994082060115E-002   4.8653632984496653E-004   1.1592151167860720E-006
   3.0018180784513451E-005   3.6005014218393761E-011   4.9999990989087417E-002   6.0036365175619721E-004   1.1994402484560851E-006
   3.6034671729937198E-005   4.4670935027834643E-011   4.9999987015022646E-002   7.2069349698722363E-004   1.2396653801260982E-006
   3.0541963477925661E-006   3.9090369267041753E-012   4.9999999906718849E-002   6.1083926993887872E-005   1.2798905117961112E-006
   8.4850893064981547E-006   1.1201299129721848E-011   4.9999999280032598E-002   1.6970178694464266E-004   1.3201156434661243E-006
   1.4241089036911095E-005   1.9372734099266338E-011   4.9999997971913790E-002   2.8482178458943963E-004   1.3603407751361374E-006
   2.0304532687418915E-005   2.8413086019964734E-011   4.9999995877259354E-002   4.0609066491015255E-004   1.3993469565320993E-006
   2.6705845269892921E-005   3.8444989442408810E-011   4.9999992867977780E-002   5.3411693079397082E-004   1.4395720882021124E-006
   3.3432274777504882E-005   4.9472987269788818E-011   4.9999988822828786E-002   6.6864554537460208E-004   1.4797972198721254E-006
   4.0483831195521962E-005   6.1536328293299674E-011   4.9999983610591436E-002   8.0967671237885952E-004   1.5200223515421385E-006
   4.7860496819274040E-005   7.4674219707616112E-011   4.9999977093723197E-002   9.5721008256077766E-004   1.5602474832121516E-006
   6.3909763237978094E-006   1.0228583315177305E-011   4.9999999591554219E-002   1.2781952682416886E-004   1.6004727285690024E-006
   1.3172249448373028E-005   2.1595625167424564E-011   4.9999998264918417E-002   2.6344499201513827E-004   1.6394789099649643E-006
   2.0283521178742652E-005   3.4070312502554729E-011   4.9999995885787518E-002   4.0567043470218778E-004   1.6797040416349773E-006
   2.7719895332361930E-005   4.7676256663137133E-011   4.9999992316073438E-002   5.5439793504774570E-004   1.7199291733049904E-006
   3.5481402233650394E-005   6.2452742888173933E-011   4.9999987410699373E-002   7.0962810423225164E-004   1.7601543049750035E-006
   4.3568015405959677E-005   7.8438959032407828E-011   4.9999981018276740E-002   8.7136041838675737E-004   1.8003794366450165E-006
   5.1979757795610969E-005   9.5674179658618348E-011   4.9999972981040502E-002   1.0395953431725502E-003   1.8406045683150296E-006
   2.9299870203890751E-006   5.5072351000434689E-012   4.9999999914151765E-002   5.8599740441422909E-005   1.8796107497109915E-006
   1.0751207363579127E-005   2.0640552442521470E-011   4.9999998844115393E-002   2.1502414892893285E-004   1.9198357676941669E-006
   1.8897531395196613E-005   3.7040312382279337E-011   4.9999996428832946E-002   3.7795063690282404E-004   1.9600608993641799E-006
   2.7368987591395503E-005   5.4745803562689604E-011   4.9999992509384625E-002   5.4737977916374803E-004   2.0002860310341930E-006
