  (n,m) =            9           0
  clat =    4.2539167833891627     
         216
 
 C   3.3058018623320606        1.2032134782706483        3.5449306528243021     
 C   2.6949143695242475        2.2613016535221484        2.8359445222594415     
 C   2.6949143695242475        2.2613016535221480        1.4179722611297207     
 C   1.7589804310516268        3.0466434761008232       0.70898613056486037     
 C   1.7589804310516268        3.0466434761008232        3.5449306528243021     
 C  0.61088749280781296        3.4645151317927967        2.8359445222594415     
 C  0.61088749280781363        3.4645151317927962        1.4179722611297207     
 C -0.61088749280781407        3.4645151317927962       0.70898613056486037     
 C -0.61088749280781407        3.4645151317927962        3.5449306528243021     
 C  -1.7589804310516282        3.0466434761008223        2.8359445222594415     
 C  -1.7589804310516282        3.0466434761008223        1.4179722611297207     
 C  -2.6949143695242470        2.2613016535221488       0.70898613056486037     
 C  -2.6949143695242470        2.2613016535221488        3.5449306528243021     
 C  -3.3058018623320611        1.2032134782706474        2.8359445222594415     
 C  -3.3058018623320606        1.2032134782706487        1.4179722611297207     
 C  -3.5179608621032545        4.3082595093004140E-016  0.70898613056486037     
 C  -3.5179608621032545        4.3082595093004140E-016   3.5449306528243021     
 C  -3.3058018623320606       -1.2032134782706494        2.8359445222594415     
 C  -3.3058018623320611       -1.2032134782706481        1.4179722611297207     
 C  -2.6949143695242488       -2.2613016535221466       0.70898613056486037     
 C  -2.6949143695242488       -2.2613016535221466        3.5449306528243021     
 C  -1.7589804310516259       -3.0466434761008236        2.8359445222594415     
 C  -1.7589804310516288       -3.0466434761008219        1.4179722611297207     
 C -0.61088749280781640       -3.4645151317927958       0.70898613056486037     
 C -0.61088749280781329       -3.4645151317927962        3.5449306528243021     
 C  0.61088749280781207       -3.4645151317927967        2.8359445222594415     
 C  0.61088749280781207       -3.4645151317927967        1.4179722611297207     
 C   1.7589804310516277       -3.0466434761008228       0.70898613056486037     
 C   1.7589804310516277       -3.0466434761008228        3.5449306528243021     
 C   2.6949143695242466       -2.2613016535221493        2.8359445222594415     
 C   2.6949143695242466       -2.2613016535221493        1.4179722611297207     
 C   3.3058018623320611       -1.2032134782706478       0.70898613056486037     
 C   3.3058018623320611       -1.2032134782706478        3.5449306528243021     
 C   3.5179608621032545       -8.6165190186008280E-016   2.8359445222594415     
 C   3.5179608621032545       -8.6165190186008280E-016   1.4179722611297207     
 C   3.3058018623320606        1.2032134782706490       0.70898613056486037     
 C   3.3058018623320606        1.2032134782706483        7.7988474362134648     
 C   2.6949143695242475        2.2613016535221484        7.0898613056486042     
 C   2.6949143695242475        2.2613016535221480        5.6718890445188830     
 C   1.7589804310516268        3.0466434761008232        4.9629029139540233     
 C   1.7589804310516268        3.0466434761008232        7.7988474362134648     
 C  0.61088749280781296        3.4645151317927967        7.0898613056486042     
 C  0.61088749280781363        3.4645151317927962        5.6718890445188830     
 C -0.61088749280781407        3.4645151317927962        4.9629029139540233     
 C -0.61088749280781407        3.4645151317927962        7.7988474362134648     
 C  -1.7589804310516282        3.0466434761008223        7.0898613056486042     
 C  -1.7589804310516282        3.0466434761008223        5.6718890445188830     
 C  -2.6949143695242470        2.2613016535221488        4.9629029139540233     
 C  -2.6949143695242470        2.2613016535221488        7.7988474362134648     
 C  -3.3058018623320611        1.2032134782706474        7.0898613056486042     
 C  -3.3058018623320606        1.2032134782706487        5.6718890445188830     
 C  -3.5179608621032545        4.3082595093004140E-016   4.9629029139540233     
 C  -3.5179608621032545        4.3082595093004140E-016   7.7988474362134648     
 C  -3.3058018623320606       -1.2032134782706494        7.0898613056486042     
 C  -3.3058018623320611       -1.2032134782706481        5.6718890445188830     
 C  -2.6949143695242488       -2.2613016535221466        4.9629029139540233     
 C  -2.6949143695242488       -2.2613016535221466        7.7988474362134648     
 C  -1.7589804310516259       -3.0466434761008236        7.0898613056486042     
 C  -1.7589804310516288       -3.0466434761008219        5.6718890445188830     
 C -0.61088749280781640       -3.4645151317927958        4.9629029139540233     
 C -0.61088749280781329       -3.4645151317927962        7.7988474362134648     
 C  0.61088749280781207       -3.4645151317927967        7.0898613056486042     
 C  0.61088749280781207       -3.4645151317927967        5.6718890445188830     
 C   1.7589804310516277       -3.0466434761008228        4.9629029139540233     
 C   1.7589804310516277       -3.0466434761008228        7.7988474362134648     
 C   2.6949143695242466       -2.2613016535221493        7.0898613056486042     
 C   2.6949143695242466       -2.2613016535221493        5.6718890445188830     
 C   3.3058018623320611       -1.2032134782706478        4.9629029139540233     
 C   3.3058018623320611       -1.2032134782706478        7.7988474362134648     
 C   3.5179608621032545       -8.6165190186008280E-016   7.0898613056486042     
 C   3.5179608621032545       -8.6165190186008280E-016   5.6718890445188830     
 C   3.3058018623320606        1.2032134782706490        4.9629029139540233     
 C   3.3058018623320606        1.2032134782706483        12.052764219602627     
 C   2.6949143695242475        2.2613016535221484        11.343778089037766     
 C   2.6949143695242475        2.2613016535221480        9.9258058279080466     
 C   1.7589804310516268        3.0466434761008232        9.2168196973431851     
 C   1.7589804310516268        3.0466434761008232        12.052764219602627     
 C  0.61088749280781296        3.4645151317927967        11.343778089037766     
 C  0.61088749280781363        3.4645151317927962        9.9258058279080466     
 C -0.61088749280781407        3.4645151317927962        9.2168196973431851     
 C -0.61088749280781407        3.4645151317927962        12.052764219602627     
 C  -1.7589804310516282        3.0466434761008223        11.343778089037766     
 C  -1.7589804310516282        3.0466434761008223        9.9258058279080466     
 C  -2.6949143695242470        2.2613016535221488        9.2168196973431851     
 C  -2.6949143695242470        2.2613016535221488        12.052764219602627     
 C  -3.3058018623320611        1.2032134782706474        11.343778089037766     
 C  -3.3058018623320606        1.2032134782706487        9.9258058279080466     
 C  -3.5179608621032545        4.3082595093004140E-016   9.2168196973431851     
 C  -3.5179608621032545        4.3082595093004140E-016   12.052764219602627     
 C  -3.3058018623320606       -1.2032134782706494        11.343778089037766     
 C  -3.3058018623320611       -1.2032134782706481        9.9258058279080466     
 C  -2.6949143695242488       -2.2613016535221466        9.2168196973431851     
 C  -2.6949143695242488       -2.2613016535221466        12.052764219602627     
 C  -1.7589804310516259       -3.0466434761008236        11.343778089037766     
 C  -1.7589804310516288       -3.0466434761008219        9.9258058279080466     
 C -0.61088749280781640       -3.4645151317927958        9.2168196973431851     
 C -0.61088749280781329       -3.4645151317927962        12.052764219602627     
 C  0.61088749280781207       -3.4645151317927967        11.343778089037766     
 C  0.61088749280781207       -3.4645151317927967        9.9258058279080466     
 C   1.7589804310516277       -3.0466434761008228        9.2168196973431851     
 C   1.7589804310516277       -3.0466434761008228        12.052764219602627     
 C   2.6949143695242466       -2.2613016535221493        11.343778089037766     
 C   2.6949143695242466       -2.2613016535221493        9.9258058279080466     
 C   3.3058018623320611       -1.2032134782706478        9.2168196973431851     
 C   3.3058018623320611       -1.2032134782706478        12.052764219602627     
 C   3.5179608621032545       -8.6165190186008280E-016   11.343778089037766     
 C   3.5179608621032545       -8.6165190186008280E-016   9.9258058279080466     
 C   3.3058018623320606        1.2032134782706490        9.2168196973431851     
 C   3.3058018623320606        1.2032134782706483        16.306681002991791     
 C   2.6949143695242475        2.2613016535221484        15.597694872426931     
 C   2.6949143695242475        2.2613016535221480        14.179722611297210     
 C   1.7589804310516268        3.0466434761008232        13.470736480732349     
 C   1.7589804310516268        3.0466434761008232        16.306681002991791     
 C  0.61088749280781296        3.4645151317927967        15.597694872426931     
 C  0.61088749280781363        3.4645151317927962        14.179722611297210     
 C -0.61088749280781407        3.4645151317927962        13.470736480732349     
 C -0.61088749280781407        3.4645151317927962        16.306681002991791     
 C  -1.7589804310516282        3.0466434761008223        15.597694872426931     
 C  -1.7589804310516282        3.0466434761008223        14.179722611297210     
 C  -2.6949143695242470        2.2613016535221488        13.470736480732349     
 C  -2.6949143695242470        2.2613016535221488        16.306681002991791     
 C  -3.3058018623320611        1.2032134782706474        15.597694872426931     
 C  -3.3058018623320606        1.2032134782706487        14.179722611297210     
 C  -3.5179608621032545        4.3082595093004140E-016   13.470736480732349     
 C  -3.5179608621032545        4.3082595093004140E-016   16.306681002991791     
 C  -3.3058018623320606       -1.2032134782706494        15.597694872426931     
 C  -3.3058018623320611       -1.2032134782706481        14.179722611297210     
 C  -2.6949143695242488       -2.2613016535221466        13.470736480732349     
 C  -2.6949143695242488       -2.2613016535221466        16.306681002991791     
 C  -1.7589804310516259       -3.0466434761008236        15.597694872426931     
 C  -1.7589804310516288       -3.0466434761008219        14.179722611297210     
 C -0.61088749280781640       -3.4645151317927958        13.470736480732349     
 C -0.61088749280781329       -3.4645151317927962        16.306681002991791     
 C  0.61088749280781207       -3.4645151317927967        15.597694872426931     
 C  0.61088749280781207       -3.4645151317927967        14.179722611297210     
 C   1.7589804310516277       -3.0466434761008228        13.470736480732349     
 C   1.7589804310516277       -3.0466434761008228        16.306681002991791     
 C   2.6949143695242466       -2.2613016535221493        15.597694872426931     
 C   2.6949143695242466       -2.2613016535221493        14.179722611297210     
 C   3.3058018623320611       -1.2032134782706478        13.470736480732349     
 C   3.3058018623320611       -1.2032134782706478        16.306681002991791     
 C   3.5179608621032545       -8.6165190186008280E-016   15.597694872426931     
 C   3.5179608621032545       -8.6165190186008280E-016   14.179722611297210     
 C   3.3058018623320606        1.2032134782706490        13.470736480732349     
 C   3.3058018623320606        1.2032134782706483        20.560597786380953     
 C   2.6949143695242475        2.2613016535221484        19.851611655816093     
 C   2.6949143695242475        2.2613016535221480        18.433639394686370     
 C   1.7589804310516268        3.0466434761008232        17.724653264121510     
 C   1.7589804310516268        3.0466434761008232        20.560597786380953     
 C  0.61088749280781296        3.4645151317927967        19.851611655816093     
 C  0.61088749280781363        3.4645151317927962        18.433639394686370     
 C -0.61088749280781407        3.4645151317927962        17.724653264121510     
 C -0.61088749280781407        3.4645151317927962        20.560597786380953     
 C  -1.7589804310516282        3.0466434761008223        19.851611655816093     
 C  -1.7589804310516282        3.0466434761008223        18.433639394686370     
 C  -2.6949143695242470        2.2613016535221488        17.724653264121510     
 C  -2.6949143695242470        2.2613016535221488        20.560597786380953     
 C  -3.3058018623320611        1.2032134782706474        19.851611655816093     
 C  -3.3058018623320606        1.2032134782706487        18.433639394686370     
 C  -3.5179608621032545        4.3082595093004140E-016   17.724653264121510     
 C  -3.5179608621032545        4.3082595093004140E-016   20.560597786380953     
 C  -3.3058018623320606       -1.2032134782706494        19.851611655816093     
 C  -3.3058018623320611       -1.2032134782706481        18.433639394686370     
 C  -2.6949143695242488       -2.2613016535221466        17.724653264121510     
 C  -2.6949143695242488       -2.2613016535221466        20.560597786380953     
 C  -1.7589804310516259       -3.0466434761008236        19.851611655816093     
 C  -1.7589804310516288       -3.0466434761008219        18.433639394686370     
 C -0.61088749280781640       -3.4645151317927958        17.724653264121510     
 C -0.61088749280781329       -3.4645151317927962        20.560597786380953     
 C  0.61088749280781207       -3.4645151317927967        19.851611655816093     
 C  0.61088749280781207       -3.4645151317927967        18.433639394686370     
 C   1.7589804310516277       -3.0466434761008228        17.724653264121510     
 C   1.7589804310516277       -3.0466434761008228        20.560597786380953     
 C   2.6949143695242466       -2.2613016535221493        19.851611655816093     
 C   2.6949143695242466       -2.2613016535221493        18.433639394686370     
 C   3.3058018623320611       -1.2032134782706478        17.724653264121510     
 C   3.3058018623320611       -1.2032134782706478        20.560597786380953     
 C   3.5179608621032545       -8.6165190186008280E-016   19.851611655816093     
 C   3.5179608621032545       -8.6165190186008280E-016   18.433639394686370     
 C   3.3058018623320606        1.2032134782706490        17.724653264121510     
 C   3.3058018623320606        1.2032134782706483        24.814514569770115     
 C   2.6949143695242475        2.2613016535221484        24.105528439205255     
 C   2.6949143695242475        2.2613016535221480        22.687556178075532     
 C   1.7589804310516268        3.0466434761008232        21.978570047510672     
 C   1.7589804310516268        3.0466434761008232        24.814514569770115     
 C  0.61088749280781296        3.4645151317927967        24.105528439205255     
 C  0.61088749280781363        3.4645151317927962        22.687556178075532     
 C -0.61088749280781407        3.4645151317927962        21.978570047510672     
 C -0.61088749280781407        3.4645151317927962        24.814514569770115     
 C  -1.7589804310516282        3.0466434761008223        24.105528439205255     
 C  -1.7589804310516282        3.0466434761008223        22.687556178075532     
 C  -2.6949143695242470        2.2613016535221488        21.978570047510672     
 C  -2.6949143695242470        2.2613016535221488        24.814514569770115     
 C  -3.3058018623320611        1.2032134782706474        24.105528439205255     
 C  -3.3058018623320606        1.2032134782706487        22.687556178075532     
 C  -3.5179608621032545        4.3082595093004140E-016   21.978570047510672     
 C  -3.5179608621032545        4.3082595093004140E-016   24.814514569770115     
 C  -3.3058018623320606       -1.2032134782706494        24.105528439205255     
 C  -3.3058018623320611       -1.2032134782706481        22.687556178075532     
 C  -2.6949143695242488       -2.2613016535221466        21.978570047510672     
 C  -2.6949143695242488       -2.2613016535221466        24.814514569770115     
 C  -1.7589804310516259       -3.0466434761008236        24.105528439205255     
 C  -1.7589804310516288       -3.0466434761008219        22.687556178075532     
 C -0.61088749280781640       -3.4645151317927958        21.978570047510672     
 C -0.61088749280781329       -3.4645151317927962        24.814514569770115     
 C  0.61088749280781207       -3.4645151317927967        24.105528439205255     
 C  0.61088749280781207       -3.4645151317927967        22.687556178075532     
 C   1.7589804310516277       -3.0466434761008228        21.978570047510672     
 C   1.7589804310516277       -3.0466434761008228        24.814514569770115     
 C   2.6949143695242466       -2.2613016535221493        24.105528439205255     
 C   2.6949143695242466       -2.2613016535221493        22.687556178075532     
 C   3.3058018623320611       -1.2032134782706478        21.978570047510672     
 C   3.3058018623320611       -1.2032134782706478        24.814514569770115     
 C   3.5179608621032545       -8.6165190186008280E-016   24.105528439205255     
 C   3.5179608621032545       -8.6165190186008280E-016   22.687556178075532     
 C   3.3058018623320606        1.2032134782706490        21.978570047510672     
