   0.0000000000000000        0.0000000000000000     
   1.0000000000000000E-002   2.9900332499999998E-002
   2.0000000000000000E-002   5.9602653383194724E-002
   2.9999999999999999E-002   8.9108932898090812E-002
   4.0000000000000001E-002  0.11842112168889471     
   5.0000000000000003E-002  0.14754115099057871     
   6.0000000000000005E-002  0.17647093282200610     
   7.0000000000000007E-002  0.20521236017713457     
   8.0000000000000002E-002  0.23376730721431721     
   8.9999999999999997E-002  0.26213762944371993     
   9.9999999999999992E-002  0.29032516391287400     
  0.10999999999999999       0.31833172939038240     
  0.11999999999999998       0.34615912654779807     
  0.12999999999999998       0.37380913813969269     
  0.13999999999999999       0.40128352918193355     
  0.14999999999999999       0.42858404712818660     
  0.16000000000000000       0.45571242204466333     
  0.17000000000000001       0.48267036678312875     
  0.18000000000000002       0.50945957715218815     
  0.19000000000000003       0.53608173208686916     
  0.20000000000000004       0.56253849381651688     
  0.21000000000000005       0.58883150803101791     
  0.22000000000000006       0.61496240404537106     
  0.23000000000000007       0.64093279496261990     
  0.24000000000000007       0.66674427783516466     
  0.25000000000000006       0.69239843382446853     
  0.26000000000000006       0.71789682835917545     
  0.27000000000000007       0.74324101129165399     
  0.28000000000000008       0.76843251705298388     
  0.29000000000000009       0.79347286480640078     
  0.30000000000000010       0.81836355859921328     
  0.31000000000000011       0.84310608751320948     
  0.32000000000000012       0.86770192581356598     
  0.33000000000000013       0.89215253309627585     
  0.34000000000000014       0.91645935443410931     
  0.35000000000000014       0.94062382052112226     
  0.36000000000000015       0.96464734781572692     
  0.37000000000000016       0.98853133868233889     
  0.38000000000000017        1.0122771815316145     
  0.39000000000000018        1.0358862509592934     
  0.40000000000000019        1.0593599078836593     
  0.41000000000000020        1.0826994996816321     
  0.42000000000000021        1.1059063603235082     
  0.43000000000000022        1.1289818105063569     
  0.44000000000000022        1.1519271577860928     
  0.45000000000000023        1.1747436967082312     
  0.46000000000000024        1.1974327089373447     
  0.47000000000000025        1.2199954633852301     
  0.48000000000000026        1.2424332163378013     
  0.49000000000000027        1.2647472115807181     
  0.50000000000000022        1.2869386805237661     
  0.51000000000000023        1.3090088423239989     
  0.52000000000000024        1.3309589040076550     
  0.53000000000000025        1.3527900605908612     
  0.54000000000000026        1.3745034951991346     
  0.55000000000000027        1.3961003791856972     
  0.56000000000000028        1.4175818722486115     
  0.57000000000000028        1.4389491225467517     
  0.58000000000000029        1.4602032668146199     
  0.59000000000000030        1.4813454304760214     
  0.60000000000000031        1.5023767277566071     
  0.61000000000000032        1.5232982617952979     
  0.62000000000000033        1.5441111247545987     
  0.63000000000000034        1.5648163979298160     
  0.64000000000000035        1.5854151518571882     
  0.65000000000000036        1.6059084464209401     
  0.66000000000000036        1.6262973309592725     
  0.67000000000000037        1.6465828443692965     
  0.68000000000000038        1.6667660152109240     
  0.69000000000000039        1.6868478618097253     
  0.70000000000000040        1.7068293923587616     
  0.71000000000000041        1.7267116050194056     
  0.72000000000000042        1.7464954880211581     
  0.73000000000000043        1.7661820197604727     
  0.74000000000000044        1.7857721688985952     
  0.75000000000000044        1.8052668944584311     
  0.76000000000000045        1.8246671459204487     
  0.77000000000000046        1.8439738633176272     
  0.78000000000000047        1.8631879773294622     
  0.79000000000000048        1.8823104093750329     
  0.80000000000000049        1.9013420717051457     
  0.81000000000000050        1.9202838674935601     
  0.82000000000000051        1.9391366909273062     
  0.83000000000000052        1.9579014272961046     
  0.84000000000000052        1.9765789530808962     
  0.85000000000000053        1.9951701360414902     
  0.86000000000000054        2.0136758353033422     
  0.87000000000000055        2.0320969014434662     
  0.88000000000000056        2.0504341765754939     
  0.89000000000000057        2.0686884944338857     
  0.90000000000000058        2.0868606804573062     
  0.91000000000000059        2.1049515518711681     
  0.92000000000000060        2.1229619177693544     
  0.93000000000000060        2.1408925791951305     
  0.94000000000000061        2.1587443292212476     
  0.95000000000000062        2.1765179530292516     
  0.96000000000000063        2.1942142279880010     
  0.97000000000000064        2.2118339237314051     
  0.98000000000000065        2.2293778022353878     
  0.99000000000000066        2.2468466178940862     
   1.0000000000000007        2.2642411175952897     
   1.0100000000000007        2.2815620407951309     
   1.0200000000000007        2.2988101195920301     
   1.0300000000000007        2.3159860787999071     
   1.0400000000000007        2.3330906360206627     
   1.0500000000000007        2.3501245017159387     
   1.0600000000000007        2.3670883792781665     
   1.0700000000000007        2.3839829651009059     
   1.0800000000000007        2.4008089486484838     
   1.0900000000000007        2.4175670125249438     
   1.1000000000000008        2.4342578325423045     
   1.1100000000000008        2.4508820777881439     
   1.1200000000000008        2.4674404106925065     
   1.1300000000000008        2.4839334870941476     
   1.1400000000000008        2.5003619563061186     
   1.1500000000000008        2.5167264611806974     
   1.1600000000000008        2.5330276381736754     
   1.1700000000000008        2.5492661174080027     
   1.1800000000000008        2.5654425227368010     
   1.1900000000000008        2.5815574718057506     
   1.2000000000000008        2.5976115761148537     
   1.2100000000000009        2.6136054410795864     
   1.2200000000000009        2.6295396660914401     
   1.2300000000000009        2.6454148445778607     
   1.2400000000000009        2.6612315640615929     
   1.2500000000000009        2.6769904062194327     
   1.2600000000000009        2.6926919469403945     
   1.2700000000000009        2.7083367563833014     
   1.2800000000000009        2.7239253990338019     
   1.2900000000000009        2.7394584337608179     
   1.3000000000000009        2.7549364138724330     
   1.3100000000000009        2.7703598871712236     
   1.3200000000000010        2.7857293960090388     
   1.3300000000000010        2.8010454773412370     
   1.3400000000000010        2.8163086627803811     
   1.3500000000000010        2.8315194786494011     
   1.3600000000000010        2.8466784460342263     
   1.3700000000000010        2.8617860808358939     
   1.3800000000000010        2.8768428938221406     
   1.3900000000000010        2.8918493906784795     
   1.4000000000000010        2.9068060720587674     
   1.4100000000000010        2.9217134336352730     
   1.4200000000000010        2.9365719661482439     
   1.4300000000000010        2.9513821554549793     
   1.4400000000000011        2.9661444825784189     
   1.4500000000000011        2.9808594237552435     
   1.4600000000000011        2.9955274504834994     
   1.4700000000000011        3.0101490295697499     
   1.4800000000000011        3.0247246231757550     
   1.4900000000000011        3.0392546888646876     
   1.5000000000000011        3.0537396796468919     
   1.5100000000000011        3.0681800440251834     
   1.5200000000000011        3.0825762260397007     
   1.5300000000000011        3.0969286653123080     
   1.5400000000000011        3.1112377970905598     
   1.5500000000000012        3.1255040522912250     
   1.5600000000000012        3.1397278575433787     
   1.5700000000000012        3.1539096352310656     
   1.5800000000000012        3.1680498035355398     
   1.5900000000000012        3.1821487764770815     
   1.6000000000000012        3.1962069639564006     
   1.6100000000000012        3.2102247717956267     
   1.6200000000000012        3.2242026017788921     
   1.6300000000000012        3.2381408516925094     
   1.6400000000000012        3.2520399153647523     
   1.6500000000000012        3.2659001827052370     
   1.6600000000000013        3.2797220397439144     
   1.6700000000000013        3.2935058686696732     
   1.6800000000000013        3.3072520478685594     
   1.6900000000000013        3.3209609519616143     
   1.7000000000000013        3.3346329518423379     
   1.7100000000000013        3.3482684147137785     
   1.7200000000000013        3.3618677041252525     
   1.7300000000000013        3.3754311800087002     
   1.7400000000000013        3.3889591987146801     
   1.7500000000000013        3.4024521130480023     
   1.7600000000000013        3.4159102723030110     
   1.7700000000000014        3.4293340222985131     
   1.7800000000000014        3.4427237054123618     
   1.7900000000000014        3.4560796606156927     
   1.8000000000000014        3.4694022235068229     
   1.8100000000000014        3.4826917263448105     
   1.8200000000000014        3.4959484980826803     
   1.8300000000000014        3.5091728644003197     
   1.8400000000000014        3.5223651477370477     
   1.8500000000000014        3.5355256673238582     
   1.8600000000000014        3.5486547392153436     
   1.8700000000000014        3.5617526763213005     
   1.8800000000000014        3.5748197884380213     
   1.8900000000000015        3.5878563822792731     
   1.9000000000000015        3.6008627615069706     
   1.9100000000000015        3.6138392267615420     
   1.9200000000000015        3.6267860756919932     
   1.9300000000000015        3.6397036029856729     
   1.9400000000000015        3.6525921003977415     
   1.9500000000000015        3.6654518567803471     
   1.9600000000000015        3.6782831581115114     
   1.9700000000000015        3.6910862875237269     
   1.9800000000000015        3.7038615253322704     
   1.9900000000000015        3.7166091490632356     
   2.0000000000000013        3.7293294334812854     
